10 20.0 0 1
20 1922.0 2 3
30 6600000.0 4 5
40 0.012000768 6 7
50 250.0 8 9
60 20.0 10 1
70 100.0 11 12
80 100000.0 13 14
90 173.0 15 16
100 6526.0 11 17
110 2.11e-06 18 19
120 5.84e-05 20 21
130 66.66 13 22
140 173.0 23 16
150 330972.0 24 25
160 330972.0 26 25
170 0.3 27 28
180 1.0 6 29
190 100000.0 8 30
200 250.0 11 31
210 3.3e-05 18 32
220 850000.0 13 33
230 0.012000768 34 7
240 1000.0 35 36
250 2.55e-07 37 38
260 81.1 34 39
270 200.0 34 40
280 0.05 41 42
290 500.0 34 43
300 3000.0 34 44
310 1500000.0 45 46
320 1.5 11 47
330 20.0 34 48
340 4.94e-05 49 50
350 0.0275 34 38
360 1000.0 51 36
370 500000.0 13 52
380 1922.0 53 3
390 3900.0 34 54
400 0.1 34 55
410 40.0 13 56
420 71000.0 34 50
430 500.0 6 43
440 20.0 57 1
450 115.0 34 58
460 777.0 51 59
470 300000.0 60 61
480 1119.0 4 62
490 5000000.0 34 63
500 500.0 13 9
510 100000.0 64 14
520 0.005 13 65
530 19.8 66 67
540 81.1 68 39
550 2001.5 11 69
560 1119.0 70 62
570 100000.0 71 14
580 4.9e-10 72 43
590 10000000.0 73 74
600 4e-09 75 76
610 0.2 11 77
620 80.0 78 79
630 300.0 11 80
640 0.5 81 79
650 0.019 35 82
660 0.01 83 84
670 0.1023 85 86
680 20.0 6 48
690 8962.844229 87 88
700 1.0 89 16
710 25.8 90 91
720 10000000.0 92 74
730 0.0275 6 38
740 5.78e-09 93 94
750 1.65e-05 95 96
760 4.9e-15 97 94
770 0.0123 6 98
780 250.0 51 9
790 0.9860788 99 100
800 10000000.0 101 74
810 0.1 6 102
820 754.0 83 103
830 0.2 51 104
840 100000.0 6 14
850 80.0 51 79
860 777.0 105 59
870 0.01 60 84
880 0.012000768 106 7
890 20.0 106 107
900 3000000.0 6 108
910 3.97e-05 109 91
920 81.1 106 39
930 2.0 105 110
940 1922.0 111 3
950 1388.0 112 16
960 100000.0 113 30
970 0.0004 6 114
980 4.9e-15 115 94
990 10000000.0 116 74
1000 75.8 117 91
1010 330972.0 118 25
1020 3000.0 112 119
1030 100000.0 120 14
1040 100000.0 121 14
1050 150000.0 6 122
1060 20.0 113 1
1070 159883.0 106 123
1080 25000.0 121 124
1090 100.0 6 125
1100 173.0 126 16
1110 3000.0 106 127
1120 0.00012 112 128
1130 5000.0 121 129
1140 0.1 106 130
1150 20919.0 112 131
1160 81.1 132 39
1170 0.05 6 133
1180 1000.0 134 36
1190 500.0 126 9
1200 7678.0 134 135
1210 0.016 136 137
1220 0.0123 134 98
1230 100000.0 6 30
1240 20.0 138 1
1250 60.0 139 1
1260 0.01 118 84
1270 20.0 121 1
1280 10000000.0 132 74
1290 100000.0 116 14
1300 1.17e-05 140 21
1310 0.006958 141 80
1320 0.01 6 84
1330 256479.3463 141 74
1340 20.0 142 1
1350 6.7e-10 143 144
1360 0.05 145 146
1370 6.89e-05 147 148
1380 0.721557349 141 36
1390 4.1 145 149
1400 0.000133448 141 91
1410 25000.0 150 124
1420 5e-05 151 152
1430 0.1635995 141 59
1440 100000.0 118 14
1450 1.0 153 16
1460 0.122703231 141 154
1470 30.0 153 1
1480 80.0 132 79
1490 0.000185181 141 155
1500 100000.0 153 14
1510 7.0986428 141 156
1520 20.0 157 1
1530 20.0 132 48
1540 0.00012 153 128
1550 500.0 158 9
1560 330972.0 158 25
1570 100000.0 132 30
1580 300.0 159 160
1590 330972.0 161 25
1600 1001.0 162 131
1610 589.0 158 163
1620 300000.0 164 61
1630 81.1 165 39
1640 20.0 166 1
1650 3300000.0 159 5
1660 0.019846302 162 167
1670 1001.0 158 131
1680 500.0 161 119
1690 0.25 168 169
1700 1252.038408 170 171
1710 0.000171 161 128
1720 8.87e-06 172 173
1730 600.0 159 119
1740 20.0 174 1
1750 0.05 175 176
1760 20.0 177 1
1770 19.8 175 67
1780 777.0 175 59
1790 2000.0 178 179
1800 300.0 175 160
1810 0.25 164 180
1820 1252.038408 181 171
1830 10000000.0 182 183
1840 0.077799216 178 94
1850 300000.0 184 61
1860 0.00999001 185 186
1870 20.0 187 1
1880 8928.0 159 188
1890 0.012000768 189 7
1900 500.0 187 119
1910 20.0 190 1
1920 81.1 191 39
1930 796.91435 189 32
1940 0.019 191 82
1950 1500001.0 159 192
1960 20.0 193 1
1970 0.15 182 194
1980 12703.0 191 195
1990 0.000171 187 128
2000 650.0 191 171
2010 1000.0 150 196
2020 81.1 189 39
2030 5.0 182 197
2040 61447.708 198 199
2050 250.0 191 125
2060 1.0 189 29
2070 8e-05 198 200
2080 330972.0 201 25
2090 400000.0 189 202
2100 7.41e-05 203 204
2110 25000.0 189 124
2120 6.6e-09 205 206
2130 0.000137 201 128
2140 200.0 189 207
2150 330972.0 208 25
2160 5.78e-09 209 94
2170 0.1 162 28
2180 12703.0 162 195
2190 0.000171 210 128
2200 0.02 211 212
2210 330972.0 213 25
2220 20.0 214 1
2230 80.5 138 79
2240 20.0 215 1
2250 20.0 216 1
2260 300000.0 213 61
2270 100000.0 162 14
2280 100000.0 217 14
2290 162.2 78 39
2300 80.0 213 79
2310 3.97e-05 182 91
2320 90.0 189 218
2330 9878.0 162 135
2340 0.000171 216 128
2350 1.0 35 16
2360 2400000.0 189 219
2370 80.0 220 79
2380 10.0 182 221
2390 330972.0 222 25
2400 650.0 223 171
2410 88857.0 189 224
2420 0.3333 150 225
2430 3.97e-05 226 91
2440 100.0 227 228
2450 500.0 189 43
2460 9.92e-05 150 94
2470 0.012000768 229 7
2480 0.000154 222 128
2490 330972.0 230 25
2500 3.26e-09 231 206
2510 330972.0 232 25
2520 20.0 232 1
2530 300000.0 230 61
2540 5.93e-05 226 233
2550 0.00012 232 128
2560 5.57e-05 182 76
2570 81.1 234 39
2580 5e-05 182 235
2590 20.0 236 1
2600 0.015 237 238
2610 20.0 239 1
2620 121.9512195 234 240
2630 330972.0 239 25
2640 81.1 190 39
2650 0.1 35 130
2660 81.1 241 39
2670 1000.0 189 36
2680 0.000137 239 128
2690 3000.0 234 44
2700 81.1 214 39
2710 0.01 241 242
2720 330972.0 243 25
2730 500.0 244 160
2740 20.0 245 1
2750 20.0 234 48
2760 100000.0 241 30
2770 0.000154 243 128
2780 3000.0 189 44
2790 300000.0 246 61
2800 0.0275 234 38
2810 81.1 215 39
2820 81.1 247 39
2830 81.1 248 39
2840 81.1 249 39
2850 10.42069 189 250
2860 0.01 248 242
2870 3900.0 234 54
2880 850000.0 251 33
2890 0.008101852 246 252
2900 100000.0 248 30
2910 8.6e-05 253 128
2920 20.0 189 48
2930 4.82e-07 254 255
2940 0.1 234 55
2950 0.00645 189 152
2960 330972.0 256 25
2970 0.0275 189 38
2980 20.0 256 1
2990 115.0 234 58
3000 81.1 257 39
3010 0.08 189 258
3020 0.00012 256 128
3030 5000000.0 234 63
3040 0.01 257 242
3050 0.0123 189 98
3060 100000.0 257 30
3070 0.1 189 102
3080 4995.0 259 59
3090 0.00456451 141 250
3100 100000.0 189 14
3110 81.1 260 39
3120 5000000.0 234 156
3130 81.1 261 39
3140 12703.0 261 195
3150 500.0 189 9
3160 650.0 261 171
3170 0.0589 262 263
3180 0.01 260 242
3190 1001.0 261 131
3200 80.0 261 79
3210 100000.0 260 30
3220 3000000.0 189 108
3230 0.05 259 264
3240 81.1 265 39
3250 3900.0 189 54
3260 0.01 265 242
3270 6526.0 189 17
3280 100000.0 265 30
3290 1.02e-05 182 266
3300 3.0 267 268
3310 173.0 269 16
3320 10000000.0 267 270
3330 0.0123 182 98
3340 81.1 271 39
3350 7.68e-07 272 7
3360 1e-08 273 186
3370 3e-09 273 268
3380 0.01 271 242
3390 0.0002 189 114
3400 330972.0 274 25
3410 100000.0 271 30
3420 20.0 275 1
3430 10000000.0 276 74
3440 4.74e-09 277 133
3450 324.4 278 39
3460 330972.0 279 25
3470 7336900.0 280 281
3480 20.0 282 283
3490 400000.0 278 30
3500 0.005 189 65
3510 150000.0 189 122
3520 80.0 278 79
3530 4e-09 284 268
3540 1.5e-05 182 285
3550 5.28e-07 286 38
3560 1000.0 287 36
3570 100.0 189 125
3580 200000.0 288 202
3590 0.05 288 146
3600 0.044054977 289 290
3610 5e-05 278 291
3620 2.54e-06 286 292
3630 5.9e-11 289 293
3640 9e-09 284 186
3650 20.0 294 283
3660 1000.0 295 36
3670 0.00024752 289 148
3680 81.1 296 39
3690 0.012000768 297 7
3700 0.05 189 133
3710 3000.0 298 127
3720 0.25 189 299
3730 2001.5 280 69
3740 173.0 298 16
3750 0.1 280 300
3760 100000.0 189 30
3770 650.0 296 171
3780 20.0 301 283
3790 15021.0 302 303
3800 10000.0 298 304
3810 71000.0 189 50
3820 100000.0 276 14
3830 2e-08 305 219
3840 115.0 189 58
3850 0.02 189 306
3860 0.1 298 130
3870 0.01 189 84
3880 1.0 280 307
3890 20.0 308 283
3900 1000.0 280 36
3910 5000000.0 189 156
3920 7770.0 309 59
3930 2.317048492 310 268
3940 500.0 311 119
3950 0.3544 310 312
3960 1436111.0 298 313
3970 330972.0 280 25
3980 1000.0 314 119
3990 20.0 315 283
4000 2.0 316 317
4010 1e-06 182 128
4020 7.718 298 318
4030 1.4 251 242
4040 40.0 302 56
4050 8.3e-05 182 319
4060 0.012000768 320 7
4070 20.0 321 1
4080 81.1 320 39
4090 200000.0 320 202
4100 0.404081633 322 104
4110 19.8 320 67
4120 1800000.0 322 323
4130 650.0 302 171
4140 0.8287 324 32
4150 1.0 320 16
4160 0.1 320 130
4170 10000.0 320 304
4180 100000.0 324 14
4190 700.0 325 160
4200 0.9999 246 225
4210 500000.0 326 52
4220 50000.0 326 124
4230 6e-10 72 327
4240 200000.0 326 30
4250 92.65389269 246 328
4260 1.0 320 307
4270 100000.0 329 14
4280 1000.0 320 36
4290 0.194 329 330
4300 1000.0 320 331
4310 20.0 332 1
4320 0.25 320 333
4330 2.11e-06 334 19
4340 10000000.0 320 183
4350 20.0 335 48
4360 5e-12 320 336
4370 7.618 335 318
4380 0.15 246 194
4390 1.215789211 335 186
4400 250.0 320 9
4410 500.0 332 160
4420 6.2e-08 337 338
4430 0.012000768 339 7
4440 0.05 339 146
4450 500.0 339 160
4460 110.0 320 340
4470 10000000.0 339 74
4480 8928.0 320 188
4490 1000.0 341 36
4500 40.0 320 56
4510 2e-11 342 96
4520 777.0 332 59
4530 0.15 320 194
4540 1250.0 339 171
4550 0.014 343 344
4560 6754.0 320 345
4570 100000.0 339 346
4580 1500001.0 320 192
4590 81.1 347 39
4600 0.15 339 194
4610 10000000.0 347 74
4620 20.0 339 1
4630 0.05 320 348
4640 1922.0 349 3
4650 100000.0 320 30
4660 3.7e-09 350 290
4670 80.0 351 79
4680 6.03e-05 352 125
4690 1101.0 320 131
4700 81.1 353 39
4710 20.0 347 48
4720 8.3e-05 354 355
4730 100000.0 351 30
4740 20.0 356 1
4750 3.83e-09 357 114
4760 100000.0 347 30
4770 5.93e-09 358 38
4780 6.325767037 359 1
4790 20.0 360 1
4800 13878.0 361 135
4810 5.3e-05 362 363
4820 2.99e-05 351 152
4830 1250.0 364 171
4840 301302.3996 351 61
4850 1436111.0 365 313
4860 0.014 351 344
4870 1922.0 366 3
4880 1.01e-05 367 144
4890 1e-15 368 252
4900 0.02280694 368 369
4910 1436111.0 361 313
4920 0.05 370 146
4930 20.0 371 1
4940 5.0 332 372
4950 12703.0 373 195
4960 1650000.0 374 375
4970 20.0 376 283
4980 20.0 377 1
4990 20.0 378 283
5000 20.0 379 1
5010 20.0 380 1
5020 172.0 381 16
5030 20.0 382 1
5040 20.0 383 1
5050 20.0 384 283
5060 173.0 385 16
5070 9.898239216 386 1
5080 1040.0 387 16
5090 3.52e-08 388 312
5100 0.0021745 388 389
5110 0.00041975 388 3
5120 0.00057984 141 390
5130 1001.0 391 131
5140 1436211.0 392 313
5150 2.71e-09 393 206
5160 80.0 394 79
5170 100000.0 394 14
5180 2900000.0 395 52
5190 10000000.0 394 74
5200 100000.0 396 14
5210 1922.0 397 3
5220 300000.0 394 61
5230 8928.0 398 188
5240 2400000.0 397 219
5250 0.01 394 84
5260 0.11 397 242
5270 1.28e-15 399 372
5280 3.280373638 400 3
5290 1.02e-05 392 266
5300 1.47e-05 401 344
5310 600000.0 402 30
5320 6e-10 403 389
5330 300000.0 404 61
5340 20.0 405 1
5350 4.84e-09 406 133
5360 3.0 407 268
5370 1.0 408 16
5380 6.18e-05 409 152
5390 1001.0 408 131
5400 1922.0 410 3
5410 81.1 411 39
5420 777.0 412 59
5430 20.0 413 1
5440 333000.0 414 415
5450 173.0 416 16
5460 3000.0 417 127
5470 1.0589 414 263
5480 250.0 418 9
5490 3000.0 411 127
5500 80.0 411 79
5510 1922.0 419 3
5520 1922.0 420 3
5530 4.9e-15 421 94
5540 1e-06 422 423
5550 80.0 412 79
5560 9.28e-07 141 173
5570 1922.0 424 3
5580 2.84e-05 425 50
5590 400000.0 426 30
5600 0.053 427 338
5610 1922.0 428 3
5620 6.35e-05 425 199
5630 0.05 427 429
5640 173.0 427 16
5650 1e-06 422 128
5660 3.26e-05 141 430
5670 1.31415926 427 233
5680 6.1e-05 141 431
5690 115.0 432 58
5700 173.0 433 16
5710 0.1 427 28
5720 80.0 434 79
5730 777.0 427 59
5740 300.0 435 160
5750 0.01 432 306
5760 81.1 434 39
5770 66.66 427 22
5780 100000.0 432 14
5790 100000.0 412 14
5800 300000.0 436 61
5810 0.181818182 437 438
5820 2400000.0 439 219
5830 81.1 440 39
5840 300000.0 439 61
5850 516.0 441 16
5860 150000.0 439 122
5870 110.0 442 340
5880 100000.0 436 14
5890 200000.0 443 124
5900 20.0 444 1
5910 825000.0 445 375
5920 81.1 446 39
5930 9.38e-14 445 447
5940 1.11e-09 448 449
5950 300000.0 446 61
5960 650.0 450 171
5970 0.012000768 451 7
5980 0.012000768 452 7
5990 159883.0 451 123
6000 6.41e-05 453 186
6010 4500000.0 451 192
6020 330972.0 452 25
6030 650.0 454 171
6040 1922.0 455 3
6050 9.9e-14 456 344
6060 1922.0 457 3
6070 139688.2159 446 19
6080 10000000.0 458 74
6090 1922.0 459 3
6100 172.0 460 16
6110 2.0 461 110
6120 6e-11 462 336
6130 100000.0 463 30
6140 139688.2159 464 19
6150 5107900.0 464 304
6160 5.51161023 464 266
6170 3844.0 452 3
6180 500.0 464 465
6190 1000.0 464 466
6200 8e-09 467 7
6210 500000.0 464 52
6220 3e-11 468 469
6230 1922.0 470 3
6240 3.0 471 268
6250 4.1 472 149
6260 7.37e-14 473 474
6270 10000000.0 471 475
6280 300000.0 464 61
6290 10000000.0 464 74
6300 500000.0 476 52
6310 5e-12 473 477
6320 3366.0 464 62
6330 100000.0 87 375
6340 4.15e-08 478 238
6350 300000.0 479 61
6360 3.85e-05 480 43
6370 0.01 481 84
6380 1500000.0 482 46
6390 0.015 481 238
6400 8.9e-05 483 484
6410 650.0 485 171
6420 1000.0 486 36
6430 100000.0 481 14
6440 0.053 481 338
6450 650.0 487 171
6460 330972.0 488 25
6470 0.181818182 489 438
6480 330972.0 490 25
6490 20.0 491 1
6500 6.25e-05 492 291
6510 3.98e-07 493 494
6520 20.0 495 1
6530 0.012000768 490 7
6540 2.91e-05 496 91
6550 20.0 497 1
6560 420.0 498 390
6570 300000.0 490 61
6580 1.59e-05 496 499
6590 173.0 481 16
6600 10000000.0 490 74
6610 20.0 500 1
6620 100000.0 490 14
6630 8.95e-06 501 306
6640 20.0 502 1
6650 0.1 503 300
6660 10000000.0 504 74
6670 250.0 489 9
6680 8.2e-05 505 52
6690 1250.0 481 255
6700 20.0 506 1
6710 0.1 507 149
6720 0.01 492 242
6730 1300.0 508 509
6740 80.0 503 79
6750 20.0 510 1
6760 80.0 504 79
6770 0.363636364 511 438
6780 777.0 481 59
6790 3844.0 481 3
6800 5.93e-07 512 100
6810 39.6 511 67
6820 4000.0 508 179
6830 5.8e-09 503 50
6840 6.53e-07 512 204
6850 7.7e-11 503 171
6860 0.1 481 102
6870 1e-06 513 186
6880 6000.0 514 171
6890 1250000000.0 504 355
6900 1922.0 515 3
6910 1200000.0 514 516
6920 127205.0 517 518
6930 4219.666667 511 59
6940 0.181818182 519 438
6950 24457541.55 508 52
6960 6.7e-14 520 114
6970 3000.0 498 127
6980 1.5e-05 521 285
6990 1.0 511 16
7000 5.3e-14 520 522
7010 173.0 489 16
7020 40.0 523 1
7030 9.23e-07 493 524
7040 100000.0 525 30
7050 10.0 481 526
7060 100000.0 504 14
7070 150000.0 481 122
7080 10000000.0 527 74
7090 165.0 481 469
7100 159883.0 489 123
7110 4301.0 508 16
7120 172.0 528 16
7130 8269.74 481 389
7140 4.71e-05 529 530
7150 172.0 531 16
7160 81.1 519 39
7170 25.000005 532 1
7180 1922.0 533 3
7190 9e-12 534 535
7200 20.0 536 107
7210 5e-05 537 152
7220 300.0 519 160
7230 2.86e-08 538 539
7240 1922.0 540 3
7250 25.000005 541 1
7260 81.1 536 39
7270 159883.0 519 123
7280 3000.0 519 127
7290 1.0 519 16
7300 4.64e-07 493 542
7310 1.59e-06 493 98
7320 1000.0 519 36
7330 0.05 543 264
7340 1001.0 544 131
7350 20.0 545 1
7360 1922.0 546 3
7370 5e-12 547 390
7380 20.0 519 48
7390 0.8 548 77
7400 0.00645 519 152
7410 2000000.0 549 63
7420 100000.0 521 30
7430 1.4e-05 550 100
7440 5.1 519 91
7450 200000.0 551 202
7460 0.08 519 258
7470 1001.0 552 131
7480 7.618 519 318
7490 1e-06 553 186
7500 689610.3896 552 61
7510 650.0 341 171
7520 9.92e-05 537 94
7530 420.0 519 390
7540 1.0 552 16
7550 2400000.0 519 219
7560 0.05 544 42
7570 0.0123 519 98
7580 100000.0 554 30
7590 0.1 519 102
7600 1.8e-09 537 438
7610 100000.0 519 14
7620 3300000.0 519 5
7630 0.094 555 330
7640 3000000.0 519 108
7650 3900.0 519 54
7660 81.1 556 39
7670 1001.0 519 131
7680 5000000.0 519 63
7690 173.0 556 16
7700 200.0 519 119
7710 500000.0 557 30
7720 0.1 558 149
7730 7707.0 559 131
7740 1922.0 560 3
7750 20.0 561 1
7760 300.0 519 171
7770 1922.0 562 3
7780 4000.0 561 563
7790 5e-08 564 238
7800 2e-07 564 283
7810 330972.0 565 25
7820 0.014 566 344
7830 0.25 567 333
7840 8.53e-09 568 344
7850 0.01 519 242
7860 5e-05 569 235
7870 1922.0 570 3
7880 0.005 519 65
7890 0.01 571 242
7900 20.0 556 1
7910 8.72e-06 572 50
7920 150000.0 519 122
7930 81.1 573 39
7940 100.0 519 125
7950 1922.0 574 3
7960 100000.0 519 30
7970 777.0 573 59
7980 100000.0 571 30
7990 5.84e-08 575 576
8000 71000.0 519 50
8010 172.0 577 16
8020 5178000.0 536 281
8030 1922.0 578 3
8040 115.0 519 58
8050 330972.0 579 25
8060 2000000.0 578 63
8070 80.0 571 79
8080 0.02 519 306
8090 330972.0 556 25
8100 100000.0 486 30
8110 100000.0 579 14
8120 0.094 567 330
8130 19.8 579 67
8140 0.01 519 84
8150 1e-06 580 128
8160 100000.0 556 14
8170 1450.054113 486 171
8180 300.0 486 160
8190 80.0 573 79
8200 3300000.0 581 5
8210 0.000155 556 128
8220 172.0 582 16
8230 1922.0 101 3
8240 8.86e-05 583 584
8250 1922.0 230 3
8260 172.0 585 16
8270 81.1 586 39
8280 5e-05 583 152
8290 0.05 585 264
8300 100000.0 573 30
8310 5.7e-09 568 206
8320 81.1 581 39
8330 1.0 586 16
8340 1922.0 587 3
8350 5.93e-05 583 233
8360 20.0 588 1
8370 11.0 579 149
8380 0.181818182 581 438
8390 1e-06 568 128
8400 1005000.0 568 52
8410 20.0 589 1
8420 4e-05 569 474
8430 1922.0 590 3
8440 1.6e-09 583 199
8450 2.2e-08 591 199
8460 25000.0 592 124
8470 1922.0 593 3
8480 20.0 594 1
8490 81.1 592 39
8500 0.012000768 595 7
8510 172.0 596 16
8520 3000.0 592 127
8530 2.0 592 110
8540 1000.0 592 36
8550 100000.0 597 14
8560 0.05 517 146
8570 10.0 592 598
8580 14000.0 593 599
8590 0.5 594 600
8600 330972.0 586 25
8610 172.0 601 16
8620 9.46e-05 602 144
8630 100000.0 586 14
8640 2.04e-05 603 235
8650 12703.0 592 195
8660 25406.0 595 195
8670 0.05 601 264
8680 10000000.0 604 74
8690 20.0 605 1
8700 0.000172 586 128
8710 25000.0 606 124
8720 2.0 521 317
8730 4.65e-05 607 171
8740 500.0 586 119
8750 5.3e-05 607 122
8760 300000.0 592 61
8770 777.0 608 59
8780 777.0 609 59
8790 2.8e-13 610 484
8800 20.0 611 1
8810 1.0 612 16
8820 81.1 140 39
8830 100000.0 595 30
8840 1001.0 612 131
8850 1.0 140 16
8860 100000.0 613 14
8870 100000.0 606 614
8880 650.0 615 171
8890 20.0 616 1
8900 1436111.0 606 313
8910 20.0 140 1
8920 200.0 617 618
8930 1000.0 606 36
8940 0.5 140 333
8950 2898.0 617 62
8960 1436111.0 619 313
8970 330972.0 620 25
8980 4.9e-15 621 94
8990 754.0 617 103
9000 5e-05 569 622
9010 2400000.0 617 219
9020 0.1 617 102
9030 0.25 623 624
9040 2000.0 606 179
9050 0.0123 625 98
9060 1.45e-05 626 627
9070 5.0 606 221
9080 1922.0 617 3
9090 250.0 593 9
9100 100000.0 625 30
9110 100000.0 617 14
9120 1398.858789 628 3
9130 10000.0 619 304
9140 10000000.0 629 74
9150 0.053 617 338
9160 0.5 630 79
9170 1.02e-05 631 266
9180 0.0666 606 632
9190 0.015 617 238
9200 12024.28906 633 634
9210 300.0 635 160
9220 80.0 617 79
9230 500000.0 606 52
9240 10000000.0 636 74
9250 0.0275 617 38
9260 0.181818182 637 438
9270 1.0 617 638
9280 4.1 639 149
9290 22.0 640 110
9300 0.25 639 641
9310 40.0 642 56
9320 81.1 617 39
9330 1500000.0 615 46
9340 825000.0 643 375
9350 85.5 640 79
9360 20988000.0 639 46
9370 5e-05 580 152
9380 20.0 617 48
9390 1.0 639 644
9400 10000000.0 645 74
9410 1e-06 569 423
9420 1100000.0 640 30
9430 4.1 615 149
9440 0.12000768 643 7
9450 2300.0 643 160
9460 600.0 640 119
9470 1e-06 646 128
9480 0.094 647 330
9490 10000000.0 437 74
9500 330972.0 648 25
9510 50.0 647 509
9520 71000.0 639 50
9530 6e-09 649 19
9540 0.181818182 648 438
9550 1000.0 647 183
9560 1833.333 639 650
9570 10.70386845 647 651
9580 1.0 636 16
9590 1.0 647 652
9600 0.181818182 636 438
9610 81.1 653 39
9620 110.0 647 340
9630 20.5 647 654
9640 0.0123 636 98
9650 0.000173272 655 144
9660 200.0 653 656
9670 100000.0 657 30
9680 0.15 647 194
9690 0.08 636 258
9700 0.00030776 655 148
9710 10000000.0 653 74
9720 0.05 647 348
9730 1.6e-09 655 658
9740 172.0 659 16
9750 1e-08 660 186
9760 1e-06 569 128
9770 172.0 661 16
9780 1000.0 653 36
9790 300000.0 662 61
9800 300000.0 663 61
9810 0.05 661 264
9820 3.73e-09 664 39
9830 0.05 665 146
9840 300000.0 653 61
9850 200.0 653 666
9860 1665.0 667 59
9870 338888.8889 668 61
9880 8.2e-14 669 344
9890 1922.0 670 3
9900 330972.0 667 25
9910 0.181818182 667 438
9920 100000.0 667 14
9930 19.8 667 67
9940 1001.0 671 131
9950 330972.0 672 25
9960 1922.0 673 3
9970 1922.0 674 3
9980 5.377468123 675 676
9990 3.8e-08 669 345
10000 3.52e-08 677 312
10010 100000.0 672 14
10020 110.0 678 340
10030 6e-10 621 199
10040 3.0 679 268
10050 81.1 680 39
10060 300.0 680 160
10070 500.0 680 681
10080 3000.0 682 127
10090 20.0 683 1
10100 81.1 682 39
10110 20.0 684 1
10120 9.99e-10 685 186
10130 330972.0 680 25
10140 1101.0 680 131
10150 9.99e-10 686 186
10160 20.0 687 1
10170 4.3e-05 688 128
10180 330972.0 689 25
10190 9.99e-10 690 186
10200 0.012000768 689 7
10210 6e-09 691 19
10220 1000.0 692 36
10230 1001.0 693 131
10240 1001.0 689 131
10250 9.99e-10 694 186
10260 1000.0 692 331
10270 300000.0 695 61
10280 330972.0 696 25
10290 777.0 697 59
10300 100000.0 674 14
10310 500.0 692 9
10320 1.0 696 16
10330 0.181818182 698 438
10340 0.333 699 530
10350 147.0588235 692 700
10360 0.15 699 194
10370 25.0 414 701
10380 7.68e-07 702 7
10390 25.0 414 703
10400 0.07 704 306
10410 1.87e-05 705 336
10420 100000.0 692 614
10430 0.10965 704 152
10440 6.82e-05 706 707
10450 300000.0 708 61
10460 1500001.0 692 192
10470 159883.0 689 123
10480 500000.0 692 52
10490 1.28e-06 709 624
10500 0.012000768 710 7
10510 10000000.0 689 74
10520 2553.0 698 59
10530 0.22046586 709 39
10540 80.0 711 79
10550 0.0275 712 38
10560 173.0 713 16
10570 777.0 711 59
10580 81.1 712 39
10590 3187.6574 714 32
10600 6000.0 714 44
10610 1.0 715 16
10620 1500000.0 716 46
10630 6526.0 717 17
10640 1000.0 715 36
10650 330972.0 718 25
10660 0.8858 719 363
10670 6735.0 717 720
10680 100000.0 715 14
10690 2.4e-14 706 721
10700 100000.0 722 14
10710 23000000.0 717 108
10720 80.0 712 79
10730 0.11 723 242
10740 0.15 724 292
10750 0.1 724 725
10760 25000.0 726 124
10770 0.1 727 130
10780 1922.0 728 3
10790 0.024001536 729 7
10800 12703.0 730 195
10810 100000.0 731 14
10820 500000.0 732 52
10830 1922.0 731 3
10840 25000.0 733 124
10850 300000.0 734 61
10860 5.77e-07 735 152
10870 5.55e-05 736 206
10880 4e-09 737 76
10890 10000000.0 679 738
10900 12.0 739 110
10910 3e-06 736 128
10920 0.094 722 330
10930 200.0 722 207
10940 3.34e-18 740 741
10950 3000.0 722 127
10960 4.6e-10 742 469
10970 0.1 722 28
10980 1922.0 743 3
10990 100000.0 722 614
11000 25000.0 744 124
11010 173.0 745 16
11020 100000.0 745 30
11030 10.42069 722 250
11040 100000.0 746 14
11050 14.05 722 747
11060 0.02 748 242
11070 0.1 749 149
11080 8928.0 692 188
11090 500.0 722 465
11100 1.40857552 735 750
11110 20.0 751 1
11120 0.08 722 752
11130 20.0 753 1
11140 100000.0 754 14
11150 250.0 722 9
11160 20.0 755 1
11170 20.0 756 1
11180 150000.0 757 122
11190 8928.0 722 188
11200 20.0 758 1
11210 50.0 759 509
11220 5000.0 722 760
11230 20.0 761 1
11240 1000.0 762 228
11250 2.64e-05 763 144
11260 100.0 722 125
11270 100000.0 745 14
11280 0.094 536 330
11290 20.0 764 1
11300 500.0 536 160
11310 5.12e-05 759 765
11320 20.0 766 1
11330 0.5 759 767
11340 20.0 768 1
11350 20.0 769 1
11360 7.618 435 318
11370 81.1 769 39
11380 20.0 770 1
11390 1922.0 771 3
11400 2e-06 772 773
11410 20.0 774 1
11420 1665.0 435 59
11430 0.005 759 775
11440 2.6e-07 776 777
11450 81.1 778 39
11460 172.0 779 16
11470 1500001.0 722 192
11480 20.0 778 1
11490 0.1 435 28
11500 10000000.0 780 74
11510 139688.2159 722 19
11520 81.1 781 39
11530 20.0 781 1
11540 4.55e-05 782 312
11550 500000.0 722 52
11560 11011.0 783 131
11570 100000.0 722 30
11580 81.1 784 39
11590 112043.8423 722 199
11600 20.0 784 1
11610 100421.6788 722 50
11620 9878.0 722 135
11630 1.0 785 16
11640 81.1 786 39
11650 1.178 787 263
11660 20.0 786 1
11670 100000.0 788 14
11680 12703.0 722 195
11690 575.0 789 58
11700 0.014 790 344
11710 0.012000768 791 7
11720 1001.0 785 131
11730 90021.0 787 303
11740 81.1 792 39
11750 20.0 793 1
11760 20.0 792 1
11770 25000.0 794 124
11780 80.0 795 79
11790 0.02 795 796
11800 5.36e-05 797 250
11810 100000.0 798 14
11820 3000.0 787 127
11830 0.01 799 242
11840 1922.0 800 3
11850 20.0 801 1
11860 9.4e-12 802 86
11870 0.1 787 28
11880 0.012000768 803 7
11890 100000.0 799 30
11900 777.0 804 59
11910 250.0 805 9
11920 81.1 806 39
11930 173.0 807 16
11940 1001.0 807 131
11950 4.1e-14 808 344
11960 81.1 809 39
11970 100000.0 810 14
11980 1.0 811 16
11990 81.1 812 39
12000 20.0 813 1
12010 20.0 814 1
12020 100.0 815 119
12030 12703.0 816 195
12040 300000.0 809 61
12050 420.0 806 390
12060 1000.0 817 36
12070 6.56e-07 538 128
12080 10000000.0 809 74
12090 10000000.0 812 74
12100 100000.0 806 30
12110 6.41e-05 818 819
12120 5.42e-06 538 233
12130 777.0 820 59
12140 0.05 817 264
12150 2102.0 817 131
12160 0.012000768 821 7
12170 0.02 813 822
12180 172.0 821 16
12190 2000.0 823 824
12200 12703.0 821 195
12210 1001.0 823 131
12220 100000.0 809 30
12230 75.0 823 58
12240 100000.0 812 30
12250 100000.0 825 14
12260 0.012000768 823 7
12270 300000.0 821 61
12280 777.0 826 59
12290 3000.0 823 127
12300 825000.0 827 375
12310 0.012000768 828 7
12320 81.1 829 39
12330 100000.0 121 830
12340 81.1 831 39
12350 330972.0 809 25
12360 10000000.0 831 74
12370 1000.0 832 36
12380 330972.0 812 25
12390 25000.0 833 124
12400 9e-05 834 250
12410 12703.0 828 195
12420 231140487.2 835 219
12430 81.1 836 39
12440 300000.0 828 61
12450 0.25 826 641
12460 2.7473 835 837
12470 50.0 835 838
12480 650.0 817 171
12490 300.0 832 839
12500 150000.0 840 841
12510 100000.0 831 30
12520 81.1 842 39
12530 4.9e-15 826 94
12540 1001.0 843 131
12550 100000.0 715 30
12560 81.1 538 39
12570 0.00609 844 219
12580 0.05 845 146
12590 1.2e-05 846 50
12600 1001.0 715 131
12610 250.0 826 125
12620 0.012000768 847 7
12630 81.1 848 39
12640 150000.0 849 122
12650 11.453 813 850
12660 71000.0 826 50
12670 4414235.506 851 313
12680 172.0 847 16
12690 1001.0 849 131
12700 100000.0 852 30
12710 100000.0 812 14
12720 100000.0 809 14
12730 6.2e-07 853 199
12740 81.1 854 39
12750 0.02 855 796
12760 12703.0 847 195
12770 3000.0 790 127
12780 81.1 856 39
12790 420.0 855 390
12800 300000.0 847 61
12810 81.1 857 39
12820 330972.0 832 25
12830 4500004.0 855 192
12840 81.1 858 39
12850 0.5 813 600
12860 20.0 859 1
12870 100000.0 860 14
12880 7.618 847 318
12890 10000.0 861 304
12900 777.0 860 59
12910 80.0 862 96
12920 0.08 863 42
12930 1000.0 863 331
12940 0.02 863 522
12950 0.012000768 864 7
12960 0.094 581 330
12970 81.1 863 39
12980 1922.0 865 3
12990 1.0 864 29
13000 1500001.0 866 192
13010 50000.0 867 868
13020 24088887.0 869 313
13030 560.0 867 870
13040 0.14546329 860 62
13050 1589000.0 871 281
13060 5.78e-09 872 94
13070 12703.0 864 195
13080 500.0 867 465
13090 47.61904462 860 122
13100 111000.0 866 415
13110 300000.0 864 61
13120 0.094 861 330
13130 27.18861839 860 777
13140 6.6e-14 873 312
13150 6.03e-06 874 44
13160 173.0 875 16
13170 501000.0 866 876
13180 120.0 877 1
13190 100000.0 878 14
13200 250.0 832 9
13210 0.012000768 879 7
13220 0.00032462 880 91
13230 0.08 832 752
13240 172.0 879 16
13250 0.000999001 881 186
13260 8.96e-05 882 883
13270 0.01 866 884
13280 31847133.75 885 886
13290 2000.0 832 179
13300 0.04 887 796
13310 500.0 888 119
13320 7336900.0 866 281
13330 0.2 619 77
13340 12703.0 879 195
13350 300000.0 889 61
13360 12703.0 832 195
13370 300000.0 879 61
13380 81.1 887 39
13390 3900.0 832 54
13400 500.0 138 119
13410 50000.0 866 346
13420 500.0 832 890
13430 1000.0 575 228
13440 0.452800061 885 891
13450 25.5 892 654
13460 5.0 832 221
13470 777.0 885 59
13480 0.012000768 893 7
13490 10000.0 894 841
13500 9878.0 895 135
13510 650.0 832 171
13520 8928.0 866 188
13530 1.95 892 194
13540 0.05 575 146
13550 10000.0 866 304
13560 8e-07 896 290
13570 1e-05 896 897
13580 12703.0 893 195
13590 5.8e-14 896 741
13600 1300.752534 898 171
13610 100.0 899 119
13620 81.1 900 39
13630 10000.0 901 841
13640 10.0 902 221
13650 12703.0 899 195
13660 300000.0 893 61
13670 500000.0 866 52
13680 45.0 832 903
13690 1.0 904 16
13700 173.0 905 16
13710 40.0 866 56
13720 5e-05 896 576
13730 218.343783 832 319
13740 0.012000768 906 7
13750 250.0 832 125
13760 172.0 906 16
13770 100000.0 866 614
13780 1120.0 517 390
13790 12703.0 906 195
13800 0.25 832 180
13810 5.0 866 197
13820 10000.0 907 841
13830 300000.0 906 61
13840 102.5 832 908
13850 76769537.0 832 909
13860 14000.0 832 599
13870 7.618 910 318
13880 12703.0 911 195
13890 33333.333 832 912
13900 1922.0 913 3
13910 500.0 911 119
13920 139688.2159 832 19
13930 10000.0 914 841
13940 0.15 915 194
13950 10000.0 916 841
13960 13878.0 866 135
13970 100000.0 917 14
13980 1436211.0 866 313
13990 300000.0 832 61
14000 9e-05 918 250
14010 0.1 915 104
14020 10000.0 919 841
14030 210.0 866 340
14040 100000.0 832 30
14050 0.012000768 866 7
14060 10000.0 920 841
14070 112043.8423 832 199
14080 100421.6788 832 50
14090 10000.0 921 841
14100 20.0 922 1
14110 115.0 832 58
14120 10000.0 923 841
14130 5.0 832 197
14140 45.0 924 1
14150 165.0 925 469
14160 7678.0 832 135
14170 777.0 926 59
14180 1001.0 927 131
14190 9.17e-05 896 883
14200 10000.0 928 841
14210 7.68e-07 918 7
14220 1e-06 896 186
14230 9.97e-06 929 204
14240 10000.0 930 841
14250 100000.0 860 30
14260 5000000.0 832 63
14270 20.0 931 1
14280 3000.0 896 127
14290 0.4938 932 312
14300 10000.0 933 841
14310 0.00645 896 152
14320 1001.0 832 131
14330 0.8 896 91
14340 0.01210942 860 103
14350 7.618 832 318
14360 325000.0 895 313
14370 10000.0 934 841
14380 0.181818182 935 438
14390 10000.0 936 841
14400 0.012000768 937 7
14410 20.0 936 1
14420 81.1 860 39
14430 10000.0 938 841
14440 500.0 896 9
14450 0.053 939 338
14460 20.0 940 1
14470 0.0004 896 114
14480 100000.0 935 30
14490 10000.0 941 841
14500 3000.0 939 127
14510 1000.0 942 179
14520 115.0 896 58
14530 330972.0 939 25
14540 9.92e-05 939 94
14550 172.0 937 16
14560 777.0 939 59
14570 115.0 939 58
14580 12703.0 937 195
14590 2.0 943 29
14600 80.0 939 79
14610 100000.0 944 30
14620 300000.0 937 61
14630 81.1 939 39
14640 0.00645 939 152
14650 1000.0 939 36
14660 10000.0 945 841
14670 0.012000768 946 7
14680 9e-09 947 186
14690 1001.0 948 131
14700 81.1 949 39
14710 330972.0 949 25
14720 100000.0 950 14
14730 0.181818182 951 438
14740 4.2e-10 952 103
14750 81.1 948 39
14760 0.000129498 953 144
14770 5000000.0 951 63
14780 3.15 954 627
14790 100000.0 955 30
14800 81.1 956 39
14810 330972.0 956 25
14820 0.02 955 796
14830 1.0 957 225
14840 81.1 955 39
14850 3.98e-08 958 268
14860 159883.0 955 123
14870 500.0 959 9
14880 0.01 960 242
14890 6.82e-05 961 306
14900 2.06e-05 962 535
14910 172.0 946 16
14920 81.1 963 39
14930 100000.0 959 14
14940 0.00645 925 152
14950 1000.0 964 965
14960 12703.0 946 195
14970 330972.0 963 25
14980 111000.0 964 415
14990 300000.0 946 61
15000 20.0 961 1
15010 100000.0 961 14
15020 80.0 966 79
15030 1.0 964 307
15040 81.1 967 39
15050 11489688.0 442 313
15060 5000.0 964 303
15070 0.014 968 344
15080 0.1 969 104
15090 1000.0 925 36
15100 1150893.794 964 876
15110 0.208 968 542
15120 330972.0 967 25
15130 0.012000768 970 7
15140 81.1 925 39
15150 300000.0 544 61
15160 20.0 971 1
15170 7.81e-05 972 199
15180 81.1 973 39
15190 11396.0 968 819
15200 3000.0 974 127
15210 0.01 964 884
15220 0.4 975 77
15230 0.004 976 76
15240 172.0 970 16
15250 9878.0 977 135
15260 12703.0 970 195
15270 7.94e-05 978 91
15280 0.1 964 104
15290 100000.0 979 14
15310 81.1 982 39
15320 20.0 983 1
15330 330972.0 982 25
15340 330972.0 984 25
15350 1001.0 984 131
15360 300000.0 970 61
15370 2.7e-06 985 173
15380 50000.0 964 346
15390 300000.0 986 61
15400 0.012000768 987 7
15410 0.144 964 330
15420 330972.0 988 25
15430 8928.0 964 188
15440 81.1 989 39
15450 0.15 895 194
15460 172.0 987 16
15470 10000.0 964 304
15480 1922.0 990 3
15490 12703.0 987 195
15500 300000.0 987 61
15510 5.0 964 221
15520 3300000.0 457 5
15530 20.0 991 1
15540 500.0 990 160
15550 9.28e-05 992 58
15560 0.000999001 993 186
15570 3000000.0 457 108
15580 330972.0 994 25
15590 0.012000768 995 7
15600 1001.0 994 131
15610 0.05 964 42
15620 9e-12 996 21
15630 172.0 995 16
15640 1e-05 997 998
15650 1e-06 997 128
15660 330972.0 999 25
15670 0.0001 997 1000
15680 1e-06 1001 423
15690 1001.0 999 131
15700 1e-06 997 423
15710 0.0666 964 632
15720 173.0 1002 16
15730 9.05e-05 997 206
15740 1001.0 1002 131
15750 1101.0 457 131
15760 1e-06 1001 128
15770 12703.0 995 195
15780 30.0 1003 1
15790 500000.0 964 52
15800 3300000.0 459 5
15810 330972.0 1004 25
15820 1001.0 1004 131
15830 250.0 1005 9
15840 172.0 1004 16
15850 1101.0 459 131
15860 200.0 990 618
15870 4e-09 1006 199
15880 6e-10 1007 199
15890 300000.0 995 61
15900 250.0 1008 9
15910 1436111.0 990 313
15920 3.97e-05 1009 91
15930 172.0 1010 16
15940 777.0 1011 59
15950 20.0 1012 1
15960 330972.0 1010 25
15970 8e-09 1013 7
15980 3.0 362 268
15990 1.5e-05 990 285
16000 0.012000768 1014 7
16010 650000.0 1015 124
16020 1001.0 1010 131
16030 1.5e-06 818 96
16040 1000000.006 1016 219
16050 40.0 964 56
16060 1200.0 1017 171
16070 9.99e-10 1018 186
16080 5.0 964 197
16090 100000.0 964 614
16100 172.0 1014 16
16110 1500001.0 964 192
16120 0.01 964 212
16130 0.4 1019 77
16140 12703.0 1014 195
16150 5e-05 978 152
16160 9.92e-05 1020 94
16170 10.0 964 598
16180 300000.0 1014 61
16190 8e-09 1021 7
16200 2.16e-05 978 50
16210 19.8 1022 67
16220 3300000.0 1023 5
16230 0.012000768 1024 7
16240 500.0 1022 9
16250 2.0 1023 110
16260 159883.0 536 123
16270 400.0 1025 313
16280 1.05 1022 1026
16290 1.0 645 16
16300 7000.0 536 1027
16310 7.618 1022 318
16320 2.0 536 110
16330 1001.0 1028 131
16340 80.0 1029 96
16350 0.01 1030 242
16360 20.0 1031 1
16370 0.3089 1024 263
16380 12703.0 1032 195
16390 9e-05 978 250
16400 2001.5 1033 69
16410 1683.0 1034 62
16420 100000.0 1034 14
16430 2.0 1035 110
16440 0.053 1020 338
16450 3000.0 1032 127
16460 777.0 1007 59
16470 1000.0 106 36
16480 9878.0 1033 135
16490 9.47e-05 1036 430
16500 9.53e-06 1037 204
16510 1.83e-05 1038 171
16520 1436211.0 1033 313
16530 0.0123 1020 98
16540 110.0 1033 340
16550 3000.0 1039 127
16560 55001.0 900 171
16570 4e-09 1040 7
16580 3.1e-05 1041 634
16590 1000.0 1042 331
16600 10000.0 1039 304
16610 8.1e-05 1043 634
16620 12703.0 1044 195
16630 1001.0 1042 131
16640 6.27e-06 1045 345
16650 250.0 1039 9
16660 100000.0 1039 614
16670 1.28e-09 1046 133
16680 80.0 1047 1
16690 81.1 1048 39
16700 1.75e-07 1040 535
16710 1.29e-10 1043 1049
16720 1.89e-11 1040 204
16730 8.14e-08 1050 312
16740 1.0 1051 16
16750 2400000.0 1052 219
16760 12703.0 1053 195
16770 0.15 1054 194
16780 0.01 1055 242
16790 1.1e-09 1056 103
16800 0.1 1057 264
16810 0.012000768 1051 7
16820 1.39e-09 1050 293
16830 9.14e-05 1058 700
16840 81.1 1059 39
16850 173.0 1060 16
16860 3000.0 1059 127
16870 9.92e-05 1061 94
16880 7e-09 1062 171
16890 100000.0 964 14
16900 1001.0 1060 131
16910 0.1 964 1063
16920 81.1 1064 39
16930 5000.0 964 1065
16940 1.52e-05 1061 50
16950 99.0 1066 67
16960 2.0 575 110
16970 0.094 1067 330
16980 8.3e-05 1068 319
16990 11.0 575 149
17000 20.0 1067 107
17010 4.77e-05 1069 641
17020 40000.0 517 1070
17030 100000.0 615 14
17040 7.89e-05 575 1071
17050 173.0 1072 16
17060 0.1 1073 104
17070 1001.0 1072 131
17080 1.0 1074 16
17090 0.012000768 1075 7
17100 0.05 1076 42
17110 0.1 1076 130
17120 4.75e-05 1077 268
17130 0.46339005 1078 830
17140 173.0 1079 16
17150 0.00182645 1078 218
17160 1001.0 1079 131
17170 250.0 1075 9
17180 66.66 1080 22
17190 172.0 1081 16
17200 0.25 964 333
17210 4.87e-05 1077 290
17220 6.01e-09 1082 186
17230 10000000.0 1077 183
17240 690.0 1077 1083
17250 3.1e-05 1077 634
17260 1347001.0 1051 1084
17270 6e-10 1085 199
17280 8928.0 1077 188
17290 173.0 1086 16
17300 4.98e-07 392 50
17310 10000000.0 1087 74
17320 1001.0 1086 131
17330 159883.0 1051 123
17340 2.0 517 317
17350 4.7e-07 462 837
17360 100000.0 1088 30
17370 1.0 1066 16
17380 20.0 1088 1
17390 0.01 150 212
17400 3.62e-05 1089 21
17410 9.7e-07 1090 19
17420 3000.0 517 127
17430 4.5e-07 1090 199
17440 5.5e-08 1091 19
17450 8928.0 1066 188
17460 6.5 1092 767
17470 100000.0 1093 14
17480 4e-09 1094 76
17490 0.739037718 1095 750
17500 25000.0 1092 124
17510 0.66161023 1096 266
17520 100000.0 1097 14
17530 0.00645 1098 152
17540 0.05 1095 42
17550 250.0 1099 9
17560 13878.0 964 135
17570 500.0 1099 160
17580 1436211.0 964 313
17590 110.0 964 340
17600 992916.0 1100 25
17610 173.0 1099 16
17620 500.0 1101 119
17630 0.01 1102 176
17640 6.83e-09 1082 312
17650 330972.0 1087 25
17660 25000.0 1103 124
17670 9900000.0 1100 5
17680 9e-05 1104 250
17690 0.6 1105 39
17700 0.012000768 1099 7
17710 3.49e-05 1106 171
17720 3.3e-05 1107 32
17730 81.1 1099 39
17740 1922.0 1108 3
17750 3.7e-14 1109 644
17760 1000.0 1110 129
17770 80.0 1111 79
17780 100000.0 1087 14
17790 80.0 1108 1112
17800 100.0 1113 110
17810 1000.0 1039 36
17820 100000.0 1114 30
17830 8e-06 1115 423
17840 173.0 1116 16
17850 0.6 1117 1118
17860 8e-06 1115 128
17870 0.1 1117 39
17880 81.1 1119 39
17890 5890.0 1033 1120
17900 0.012000768 1121 7
17910 12703.0 1039 195
17920 100.0 1039 119
17930 89.0 1039 1122
17940 6012.144531 1123 634
17950 0.094 1124 330
17960 7.1e-14 1039 484
17970 7336900.0 1033 281
17980 10000.0 1124 304
17990 2.35 1125 429
18000 0.1 1124 104
18010 20.5 1124 654
18020 111000.0 1033 415
18030 3045.0 1124 903
18040 20754000.0 1125 122
18050 7678.0 1126 135
18060 20.0 1127 1
18070 25.0 1128 654
18080 5.0 1124 197
18090 8928.0 1126 188
18100 3.4e-14 1129 312
18110 7336900.0 1124 281
18120 20.0 1128 221
18130 2.65e-14 1130 449
18140 777.0 1131 59
18150 10000000.0 1128 1132
18160 4.83e-05 1133 50
18170 2.0 1131 317
18180 500000.0 1039 52
18190 1.0 1131 77
18200 300000.0 1039 61
18210 6e-10 1039 199
18220 0.012000768 1134 7
18230 7.7e-08 1039 627
18240 0.053 1135 338
18250 0.1 1131 104
18260 81.1 1135 39
18270 3000.0 1135 127
18280 3.1e-05 165 634
18290 1922.0 1135 3
18300 71000.0 1136 50
18310 1.75e-06 165 199
18320 6.49e-05 165 50
18330 3300000.0 1135 5
18340 5.12e-05 1137 268
18350 0.11 1135 242
18360 80.0 1138 79
18370 825000.0 1135 375
18380 1.58e-06 1139 50
18390 1001.0 1135 131
18400 2700.0 1131 160
18410 1e-08 1140 312
18420 300.0 1135 160
18430 0.396 1131 330
18440 6.3e-09 1141 148
18450 3.0 1142 268
18460 4500000.0 1131 52
18470 56543.2574 1143 59
18480 1.0 1124 1144
18490 173.0 1145 16
18500 2.0 1124 317
18510 0.04 1124 42
18520 900000.0 1131 30
18530 1436211.0 1124 313
18540 50.0 1124 509
18550 1000.0 1146 36
18560 1.174667333 1147 186
18570 0.01 1131 212
18580 0.012000768 1147 7
18590 44640.0 1131 188
18600 3.65e-05 1148 32
18610 1665.0 1149 59
18620 0.0027 1147 1150
18630 0.019 1131 82
18640 20.0 1151 1
18650 1101.0 1152 131
18660 0.005 1147 65
18670 7.618 1147 318
18680 80.0 1147 79
18690 8.0 1153 876
18700 7.68e-07 1154 7
18710 0.01 1147 306
18720 5.15e-05 1154 199
18730 1.6e-06 1155 750
18740 0.05 1147 133
18750 0.208 1147 542
18760 0.000273201 1156 128
18770 173.0 1157 16
18780 600.0 1158 119
18790 0.5 1159 79
18800 81.1 1147 39
18810 80.5 1149 79
18820 0.542311787 1160 676
18830 0.015 1147 238
18840 20.0 1095 107
18850 2400000.0 1161 219
18860 10.42069 1147 250
18870 1001.0 1161 131
18880 20.0 1147 48
18890 0.018 1147 82
18900 10003.68 1162 773
18910 0.00645 1147 152
18920 9.57e-05 1163 108
18930 0.077799216 1147 94
18940 1001.0 1164 131
18950 173.0 1162 16
18960 0.542311787 1165 676
18970 0.01 1147 84
18980 100000.0 1162 614
18990 0.0123 1147 98
19000 0.08 1147 258
19010 550000.0 1166 61
19020 0.0275 1147 38
19030 5.8e-15 1109 137
19040 0.015 1147 1167
19050 3.86e-05 1168 389
19060 25000.0 1169 124
19070 0.053 1147 338
19080 3165.0 1095 59
19090 0.542311787 1170 676
19100 12703.0 1171 195
19110 650.0 1162 171
19120 500.0 1172 160
19130 1922.0 1173 3
19140 65777.0 1174 59
19150 500000.0 60 52
19160 0.542311787 1172 676
19170 100000.0 1175 14
19180 200000.0 1176 30
19190 20.0 1177 1
19200 20.0 1178 1
19210 11.0 1179 149
19220 100000.0 1180 14
19230 4.9e-15 1181 94
19240 173.0 1182 16
19250 100000.0 1180 30
19260 825000.0 1179 375
19270 100000.0 1183 14
19280 4025000.0 1184 375
19290 100000.0 1183 30
19300 100000.0 1185 14
19310 1250.0 1185 171
19320 5.64e-05 1186 173
19330 4e-07 1187 100
19340 100000.0 1185 30
19350 1.7e-05 1058 304
19360 100000.0 1188 14
19370 100000.0 1188 30
19380 13878.0 1189 135
19390 100000.0 1190 14
19400 100000.0 1190 30
19410 10000000.0 1142 1191
19420 7.618 1192 318
19430 20.0 1193 1
19440 100000.0 1194 14
19450 10.42069 1192 250
19460 110.0 1189 340
19470 100000.0 1194 30
19480 3300000.0 1195 5
19490 100000.0 1196 14
19500 100000.0 1196 30
19510 81.1 1197 39
19520 100000.0 1198 14
19530 100000.0 1198 30
19540 20.0 1199 1
19550 3.4e-09 1200 449
19560 1.2e-09 1200 1201
19570 8928.0 861 188
19580 3.0 1202 268
19590 7.68e-07 1203 7
19600 20.0 1204 1
19610 20.0 1205 1
19620 7e-05 1200 747
19630 20.0 1206 1
19640 4.86e-09 1207 484
19650 500.0 1208 160
19660 0.542311787 1208 676
19670 500.0 1209 160
19680 0.012000768 1210 7
19690 100000.0 417 614
19700 12703.0 417 195
19710 825000.0 417 375
19720 8928.0 417 188
19730 500.0 1211 160
19740 103.8354397 1212 91
19750 484.2 1212 477
19760 0.15 1212 194
19770 10000.0 1204 841
19780 88857.0 1212 224
19790 81.1 1213 39
19800 10000.0 1205 841
19810 3.97e-05 392 91
19820 0.8089 1214 263
19830 6012.144531 1212 634
19840 50000.0 1212 1215
19850 0.0012 1214 1216
19860 250000.0 1212 707
19870 10000.0 1206 841
19880 1000000.0 1212 837
19890 3.46e-05 1217 50
19900 7.94e-05 1218 91
19910 9e-05 1218 219
19920 825000.0 1219 375
19930 777.0 1220 59
19940 0.2 1221 28
19950 0.04 1222 796
19960 8.86e-05 1221 1223
19970 0.25 1222 169
19980 2.7e-14 1224 344
19990 50.0 1225 509
20000 8.1e-05 1003 638
20010 4.9e-15 1226 94
20020 6.62e-05 1227 127
20030 7.43e-06 1227 44
20040 80.0 1228 79
20050 200000.0 1210 202
20060 19.8 1210 67
20070 10000000.0 1202 1229
20080 9.92e-05 1230 94
20090 3.97e-05 1231 91
20100 1.0 1210 16
20110 3.6e-09 1232 122
20120 20.0 1233 1
20130 0.1 1210 130
20140 10000000.0 417 183
20150 10000.0 1210 304
20160 6e-09 1234 19
20170 1000.0 1210 36
20180 2.3e-07 1235 266
20190 0.019 1236 82
20200 1000.0 1210 331
20210 0.25 1210 333
20220 20.0 1237 1
20230 10000000.0 1210 183
20240 2.4e-13 1234 163
20250 3.68e-05 1237 171
20260 500.0 1210 9
20270 1922.0 1238 3
20280 20.0 1239 1
20290 110.0 1210 340
20300 8928.0 1210 188
20310 4000.0 1240 563
20320 40.0 1210 56
20330 0.3 1210 1241
20340 6754.0 1210 345
20350 1500001.0 1210 192
20360 6021.0 1242 303
20370 0.05 1210 348
20380 100000.0 1210 30
20390 330972.0 1243 25
20400 330972.0 1244 25
20410 100000.0 1244 14
20420 3300000.0 1244 5
20430 1101.0 1210 131
20440 825000.0 1244 375
20450 81.1 1245 39
20460 18000.0 1246 160
20470 7.0 1246 149
20480 3000.0 1247 44
20490 6.4e-09 1248 103
20500 4.34e-05 972 171
20510 8.78e-05 1249 268
20520 4.9e-15 1234 94
20530 1.8e-05 1250 1251
20540 4.1e-05 1250 355
20550 4.92e-07 1252 199
20560 2.7e-10 1253 148
20570 5.98e-05 1252 173
20580 8.09e-05 1252 144
20590 10000000.0 85 156
20600 475000.0 85 1254
20610 2644226.861 85 50
20620 8.7e-11 1255 171
20630 1119.0 1256 62
20640 9.92e-05 972 94
20650 5.9e-12 1257 21
20660 4.1e-14 72 1258
20670 1001.0 1259 131
20680 4004.0 1260 131
20690 4.68e-07 1261 100
20700 39.6 1262 67
20710 0.5 1263 767
20720 0.077799216 1256 94
20730 4.98e-07 1248 50
20740 10000000.0 1142 1264
20750 0.6 1265 1118
20760 1.58e-08 1248 94
20770 0.05 1262 429
20780 600.0 1262 839
20790 1000.0 1262 183
20800 1.57e-09 1265 94
20810 1150000.0 1265 375
20820 0.053 1266 338
20830 0.2 1095 300
20840 17878.0 1262 135
20850 173.0 1266 16
20860 6.41e-05 1267 148
20870 240.5 1265 79
20880 0.00645 1266 152
20890 330972.0 1268 25
20900 800000.0 1262 52
20910 350002.0 1262 1269
20920 20.0 1270 1
20930 0.0666 1262 632
