0 10000000.0 0 1
1 20.0 2 3
2 1922.0 4 5
3 6600000.0 6 7
4 0.012000768 8 9
5 250.0 10 11
6 20.0 12 3
7 100.0 13 14
8 100000.0 15 16
9 7.65e-14 17 18
10 173.0 19 20
11 6526.0 13 21
12 2.11e-06 22 23
13 5.84e-05 24 25
14 66.66 15 26
15 173.0 27 20
16 330972.0 28 29
17 330972.0 30 29
18 0.3 31 32
19 1.0 8 33
20 100000.0 10 34
21 250.0 13 35
22 3.3e-05 22 36
23 850000.0 15 37
24 0.012000768 38 9
25 1000.0 39 40
26 2.55e-07 41 42
27 81.1 38 43
28 200.0 38 44
29 0.05 45 46
30 500.0 38 47
31 3000.0 38 48
32 1500000.0 49 50
33 1.5 13 51
34 20.0 38 52
35 4.94e-05 53 54
36 0.0275 38 42
37 1000.0 55 40
38 500000.0 15 56
39 1922.0 57 5
40 3900.0 38 58
41 0.1 38 59
42 40.0 15 60
43 71000.0 38 54
44 500.0 8 47
45 20.0 61 3
46 115.0 38 62
47 777.0 55 63
48 300000.0 64 65
49 1119.0 6 66
50 5000000.0 38 67
51 500.0 15 11
52 100000.0 68 16
53 0.005 15 69
54 19.8 70 71
55 81.1 72 43
56 5.51e-10 73 74
57 2001.5 13 75
58 1119.0 76 66
59 100000.0 77 16
60 4.9e-10 78 47
61 10000000.0 79 80
62 4e-09 81 82
63 0.2 13 83
64 80.0 84 85
65 300.0 13 86
66 0.5 87 85
67 0.019 39 88
68 0.01 89 90
69 0.1023 91 92
70 20.0 8 52
71 8962.844229 93 94
72 1.0 95 20
73 25.8 96 97
74 10000000.0 98 80
75 0.0275 8 42
76 5.78e-09 99 100
77 1e-81 101 102
78 1.65e-05 103 104
79 4.9e-15 105 100
80 0.0123 8 106
81 250.0 55 11
82 0.9860788 107 108
83 9e-05 109 110
84 10000000.0 111 80
85 0.1 8 112
86 754.0 89 113
87 0.2 55 114
88 100000.0 8 16
89 80.0 55 85
90 777.0 115 63
91 0.01 64 90
92 0.012000768 116 9
93 20.0 116 117
94 3000000.0 8 118
95 3.97e-05 119 97
96 81.1 116 43
97 2.0 115 120
98 1922.0 121 5
99 1388.0 122 20
100 100000.0 123 34
101 5.0 124 125
102 0.0004 8 126
103 4.9e-15 127 100
104 10000000.0 128 80
105 75.8 129 97
106 18.0 124 130
107 330972.0 131 29
108 3.03e-09 132 133
109 3000.0 122 134
110 1e-81 101 135
111 100000.0 136 16
112 100000.0 137 16
113 150000.0 8 138
114 20.0 123 3
115 159883.0 116 139
116 25000.0 137 140
117 100.0 8 141
118 173.0 142 20
119 3000.0 116 143
120 0.452931385 144 145
121 0.00012 122 146
122 5000.0 137 147
123 0.1 116 148
124 20919.0 122 149
125 81.1 150 43
126 0.05 8 151
127 1000.0 152 40
128 500.0 142 11
129 7678.0 152 153
130 0.016 154 155
131 0.0123 152 106
132 100000.0 8 34
133 10000000.0 156 157
134 20.0 158 3
135 60.0 159 3
136 0.01 131 90
137 20.0 137 3
138 10000000.0 150 80
139 10000000.0 160 161
140 100000.0 128 16
141 1.17e-05 162 25
142 0.006958 163 86
143 0.01 8 90
144 256479.3463 163 80
145 20.0 164 3
146 6.7e-10 165 166
147 0.05 167 168
148 6.89e-05 169 170
149 0.721557349 163 40
150 500000.0 171 172
151 4.1 167 173
152 0.000133448 163 97
153 25000.0 174 140
154 5e-05 175 176
155 0.1635995 163 63
156 100000.0 131 16
157 1.0 177 20
158 0.122703231 163 178
159 30.0 177 3
160 80.0 150 85
161 0.000185181 163 179
162 100000.0 177 16
163 7.0986428 163 180
164 20.0 181 3
165 20.0 150 52
166 2e-08 182 183
167 0.00012 177 146
168 500.0 184 11
169 330972.0 184 29
170 100000.0 150 34
171 300.0 185 186
172 330972.0 187 29
173 1001.0 188 149
174 589.0 184 189
175 300000.0 190 65
176 81.1 191 43
177 20.0 192 3
178 3300000.0 185 7
179 0.019846302 188 193
180 1001.0 184 149
181 500.0 187 134
182 0.25 194 195
183 1252.038408 196 197
184 0.000171 187 146
185 8.87e-06 198 199
186 600.0 185 134
187 20.0 200 3
188 0.05 201 202
189 20.0 203 3
190 19.8 201 71
191 777.0 201 63
192 2000.0 204 205
193 300.0 201 186
194 0.25 190 206
195 1252.038408 207 197
196 10000000.0 208 209
197 0.077799216 204 100
198 300000.0 210 65
199 0.00999001 211 212
200 20.0 213 3
201 8928.0 185 214
202 0.012000768 215 9
203 500.0 213 134
204 20.0 216 3
205 81.1 217 43
206 796.91435 215 36
207 0.019 217 88
208 10000000.0 218 219
209 1500001.0 185 220
210 20.0 221 3
211 0.15 208 222
212 12703.0 217 223
213 0.000171 213 146
214 650.0 217 197
215 1000.0 174 224
216 81.1 215 43
217 5.0 208 225
218 61447.708 226 227
219 250.0 217 141
220 1.0 215 33
221 8e-05 226 228
222 330972.0 229 29
223 400000.0 215 230
224 7.41e-05 231 232
225 25000.0 215 140
226 6.6e-09 233 234
227 0.000137 229 146
228 200.0 215 235
229 330972.0 236 29
230 5.78e-09 237 100
231 0.1 188 32
232 12703.0 188 223
233 0.000171 238 146
234 0.02 239 240
235 330972.0 241 29
236 20.0 242 3
237 80.5 158 85
238 2e-07 243 244
239 20.0 245 3
240 20.0 246 3
241 300000.0 241 65
242 100000.0 188 16
243 100000.0 247 16
244 162.2 84 43
245 80.0 241 85
246 3.97e-05 208 97
247 90.0 215 248
248 9878.0 188 153
249 0.000171 246 146
250 1.0 39 20
251 2400000.0 215 249
252 10.0 250 251
253 80.0 252 85
254 10.0 208 253
255 1e-13 254 255
256 330972.0 256 29
257 650.0 257 197
258 88857.0 215 258
259 0.3333 174 259
260 3.97e-05 260 97
261 100.0 261 262
262 500.0 215 47
263 9.92e-05 174 100
264 0.012000768 263 9
265 0.000154 256 146
266 330972.0 264 29
267 3.26e-09 265 234
268 1.0 266 267
269 330972.0 268 29
270 20.0 268 3
271 10000000.0 269 270
272 300000.0 264 65
273 5.93e-05 260 271
274 0.00012 268 146
275 5.57e-05 208 82
276 81.1 272 43
277 5e-05 208 273
278 20.0 274 3
279 0.015 275 276
280 20.0 277 3
281 121.9512195 272 278
282 330972.0 277 29
283 81.1 216 43
284 0.1 39 148
285 81.1 279 43
286 1000.0 215 40
287 0.000137 277 146
288 3000.0 272 48
289 81.1 242 43
290 0.01 279 280
291 330972.0 281 29
292 500.0 282 186
293 20.0 283 3
294 20.0 272 52
295 100000.0 279 34
296 0.000154 281 146
297 3000.0 215 48
298 300000.0 284 65
299 0.0275 272 42
300 81.1 245 43
301 81.1 285 43
302 81.1 286 43
303 81.1 287 43
304 10.42069 215 288
305 0.01 286 280
306 3900.0 272 58
307 850000.0 289 37
308 0.008101852 284 290
309 100000.0 286 34
310 8.6e-05 291 146
311 20.0 215 52
312 4.82e-07 292 293
313 0.1 272 59
314 0.00645 215 176
315 330972.0 294 29
316 0.0275 215 42
317 20.0 294 3
318 115.0 272 62
319 81.1 295 43
320 0.08 215 296
321 0.00012 294 146
322 5000000.0 272 67
323 10000000.0 297 298
324 0.01 295 280
325 10000000.0 299 300
326 0.0123 215 106
327 100000.0 295 34
328 0.1 215 112
329 4995.0 301 63
330 0.00456451 163 288
331 100000.0 215 16
332 10000000.0 302 303
333 81.1 304 43
334 5000000.0 272 180
335 81.1 305 43
336 12703.0 305 223
337 500.0 215 11
338 650.0 305 197
339 0.0589 306 307
340 0.01 304 280
341 1001.0 305 149
342 80.0 305 85
343 100000.0 304 34
344 3000000.0 215 118
345 7.51e-05 308 309
346 0.05 301 310
347 81.1 311 43
348 3900.0 215 58
349 0.01 311 280
350 6526.0 215 21
351 6.36e-05 312 313
352 100000.0 311 34
353 1.02e-05 208 314
354 3.0 315 316
355 2.63e-05 312 317
356 173.0 318 20
357 10000000.0 315 319
358 0.0123 208 106
359 81.1 320 43
360 7.68e-07 321 9
361 1e-08 322 212
362 10000000.0 323 324
363 10000000.0 325 326
364 3e-09 322 316
365 0.01 320 280
366 0.0002 215 126
367 330972.0 327 29
368 100000.0 320 34
369 10000000.0 328 329
370 20.0 330 3
371 10000000.0 331 80
372 4.74e-09 332 151
373 324.4 333 43
374 330972.0 334 29
375 7336900.0 335 336
376 20.0 337 338
377 2800.0 339 340
378 400000.0 333 34
379 0.005 215 69
380 150000.0 215 138
381 10000000.0 341 342
382 80.0 333 85
383 4e-09 343 316
384 1.5e-05 208 344
385 5.6e-08 345 346
386 5.28e-07 347 42
387 1e-10 348 255
388 1000.0 349 350
389 1000.0 351 40
390 100.0 215 141
391 200000.0 352 230
392 0.05 352 168
393 0.044054977 353 354
394 5e-05 333 355
395 2.54e-06 347 356
396 5.9e-11 353 357
397 9e-09 343 212
398 20.0 358 338
399 1000.0 359 40
400 0.00024752 353 170
401 81.1 360 43
402 0.012000768 361 9
403 0.05 215 151
404 3000.0 362 143
405 0.25 215 363
406 2001.5 335 75
407 173.0 362 20
408 0.1 335 364
409 100000.0 215 34
410 650.0 360 197
411 20.0 365 338
412 15021.0 366 367
413 10000.0 362 368
414 71000.0 215 54
415 100000.0 331 16
416 2e-08 369 249
417 115.0 215 62
418 0.02 215 370
419 0.1 362 148
420 0.01 215 90
421 1.0 335 371
422 20.0 372 338
423 1000.0 335 40
424 1e+19 373 374
425 5000000.0 215 180
426 7770.0 375 63
427 2.317048492 376 316
428 500.0 377 134
429 0.3544 376 378
430 1436111.0 362 379
431 330972.0 335 29
432 1000.0 380 134
433 20.0 381 338
434 2.0 382 383
435 1e-06 208 146
436 2.4e-07 384 385
437 7.718 362 386
438 1.4 289 280
439 40.0 366 60
440 8.3e-05 208 387
441 2.2e-08 388 389
442 0.012000768 390 9
443 20.0 391 3
444 81.1 390 43
445 4e-14 392 393
446 200000.0 390 230
447 0.404081633 394 114
448 19.8 390 71
449 1800000.0 394 395
450 10000000.0 341 396
451 650.0 366 197
452 0.8287 397 36
453 1.0 390 20
454 10000000.0 398 399
455 0.1 390 148
456 10000.0 390 368
457 100000.0 397 16
458 700.0 400 186
459 0.9999 284 259
460 500000.0 401 56
461 50000.0 401 140
462 6e-10 78 402
463 200000.0 401 34
464 92.65389269 284 403
465 1.0 390 371
466 100000.0 404 16
467 1000.0 390 40
468 0.194 404 405
469 10000000.0 341 406
470 1000.0 390 407
471 20.0 408 3
472 0.25 390 409
473 2.11e-06 410 23
474 10000000.0 390 209
475 20.0 411 52
476 5e-12 390 412
477 7.618 411 386
478 0.15 284 222
479 1.215789211 411 212
480 250.0 390 11
481 500.0 408 186
482 6.2e-08 413 414
483 0.012000768 415 9
484 0.05 415 168
485 500.0 415 186
486 110.0 390 416
487 10000000.0 415 80
488 8928.0 390 214
489 1000.0 417 40
490 40.0 390 60
491 2e-11 418 104
492 777.0 408 63
493 0.15 390 222
494 1250.0 415 197
495 10000000.0 419 420
496 0.014 421 422
497 6754.0 390 423
498 100000.0 415 424
499 1500001.0 390 220
500 81.1 425 43
501 0.15 415 222
502 10000000.0 425 80
503 20.0 415 3
504 0.05 390 426
505 1922.0 427 5
506 100000.0 390 34
507 3.7e-09 428 354
508 80.0 429 85
509 6.03e-05 430 141
510 1101.0 390 149
511 81.1 431 43
512 20.0 425 52
513 8.3e-05 432 433
514 100000.0 429 34
515 20.0 434 3
516 3.83e-09 435 126
517 100000.0 425 34
518 5.93e-09 436 42
519 6.325767037 437 3
520 20.0 438 3
521 13878.0 439 153
522 5.3e-05 440 441
523 6.0 442 443
524 2.99e-05 429 176
525 1250.0 444 197
526 301302.3996 429 65
527 1.9e-05 445 446
528 1436111.0 447 379
529 0.014 429 422
530 1922.0 448 5
531 1.01e-05 449 166
532 1e-15 450 290
533 0.02280694 450 451
534 1436111.0 439 379
535 0.05 452 168
536 5.23e-09 453 454
537 10000000.0 455 456
538 1e-81 457 458
539 20.0 459 3
540 1e-81 457 460
541 5.0 408 461
542 12703.0 462 223
543 6.1e-10 463 464
544 1650000.0 465 466
545 20.0 467 338
546 10000000.0 468 469
547 20.0 470 3
548 20.0 471 338
549 20.0 472 3
550 20.0 473 3
551 172.0 474 20
552 20.0 475 3
553 20.0 476 3
554 20.0 477 338
555 173.0 478 20
556 5.75e-09 479 464
557 0.02 480 481
558 10000000.0 482 483
559 9.898239216 484 3
560 1040.0 485 20
561 3.52e-08 486 378
562 0.0021745 486 487
563 0.00041975 486 5
564 0.00057984 163 488
565 1001.0 489 149
566 2.66e-09 490 491
567 10000000.0 492 493
568 1436211.0 494 379
569 2.71e-09 495 234
570 80.0 496 85
571 100000.0 496 16
572 2900000.0 497 56
573 10000000.0 496 80
574 100000.0 498 16
575 1922.0 499 5
576 300000.0 496 65
577 8928.0 500 214
578 2400000.0 499 249
579 0.01 496 90
580 0.11 499 280
581 1.28e-15 501 461
582 3.280373638 502 5
583 1.02e-05 494 314
584 7.69e-05 503 504
585 1.47e-05 505 422
586 600000.0 506 34
587 6e-10 507 487
588 300000.0 508 65
589 20.0 509 3
590 4.84e-09 510 151
591 3.0 511 316
592 1.0 512 20
593 6.18e-05 513 176
594 1001.0 512 149
595 1922.0 514 5
596 81.1 515 43
597 777.0 516 63
598 20.0 517 3
599 333000.0 518 519
600 173.0 520 20
601 3000.0 521 143
602 1.0589 518 307
603 250.0 522 11
604 3000.0 515 143
605 80.0 515 85
606 1922.0 523 5
607 1922.0 524 5
608 4.9e-15 525 100
609 1e-06 526 527
610 80.0 516 85
611 9.28e-07 163 199
612 1922.0 528 5
613 2.84e-05 529 54
614 400000.0 530 34
615 0.053 531 414
616 1922.0 532 5
617 6.35e-05 529 227
618 0.05 531 533
619 2.56e-05 534 464
620 173.0 531 20
621 1e-06 526 146
622 3.26e-05 163 535
623 1.31415926 531 271
624 6.1e-05 163 536
625 115.0 537 62
626 173.0 538 20
627 0.1 531 32
628 80.0 539 85
629 777.0 531 63
630 300.0 540 186
631 0.01 537 370
632 81.1 539 43
633 66.66 531 26
634 10000000.0 541 542
635 100000.0 537 16
636 100000.0 516 16
637 300000.0 543 65
638 0.181818182 544 545
639 2400000.0 546 249
640 81.1 547 43
641 300000.0 546 65
642 516.0 548 20
643 150000.0 546 138
644 110.0 549 416
645 100000.0 543 16
646 200000.0 550 140
647 20.0 551 3
648 825000.0 552 466
649 81.1 553 43
650 9.38e-14 552 554
651 1.11e-09 555 556
652 300000.0 553 65
653 650.0 557 197
654 0.012000768 558 9
655 0.012000768 559 9
656 159883.0 558 139
657 6.41e-05 560 212
658 4500000.0 558 220
659 330972.0 559 29
660 650.0 561 197
661 1922.0 562 5
662 9.9e-14 563 422
663 1922.0 564 5
664 139688.2159 553 23
665 10000000.0 565 80
666 1922.0 566 5
667 172.0 567 20
668 2.0 568 120
669 6e-11 569 412
670 10000000.0 570 571
671 10000000.0 572 573
672 100000.0 574 34
673 139688.2159 575 23
674 5107900.0 575 368
675 5.51161023 575 314
676 3844.0 559 5
677 500.0 575 576
678 1000.0 575 577
679 8e-09 578 9
680 10000000.0 579 580
681 500000.0 575 56
682 3e-11 581 582
683 1922.0 583 5
684 3.0 584 316
685 4.1 585 173
686 10000000.0 586 587
687 7.37e-14 588 589
688 10000000.0 584 590
689 300000.0 575 65
690 10000000.0 575 80
691 500000.0 591 56
692 5e-12 588 592
693 3366.0 575 66
694 100000.0 93 466
695 4.15e-08 593 276
696 10000000.0 594 595
697 300000.0 596 65
698 3.85e-05 597 47
699 4.1e-13 598 599
700 0.01 600 90
701 1500000.0 601 50
702 0.015 600 276
703 8.9e-05 602 603
704 650.0 604 197
705 1000.0 605 40
706 100000.0 600 16
707 0.053 600 414
708 650.0 606 197
709 330972.0 607 29
710 0.181818182 608 545
711 330972.0 609 29
712 20.0 610 3
713 6.25e-05 611 355
714 3.98e-07 612 613
715 20.0 614 3
716 0.012000768 609 9
717 2.91e-05 615 97
718 20.0 616 3
719 420.0 617 488
720 300000.0 609 65
721 1.59e-05 615 618
722 173.0 600 20
723 10000000.0 609 80
724 20.0 619 3
725 100000.0 609 16
726 8.95e-06 620 370
727 20.0 621 3
728 0.1 622 364
729 10000000.0 623 80
730 250.0 608 11
731 8.2e-05 624 56
732 1250.0 600 293
733 20.0 625 3
734 0.1 626 173
735 0.01 611 280
736 1300.0 627 628
737 80.0 622 85
738 20.0 629 3
739 80.0 623 85
740 0.363636364 630 545
741 777.0 600 63
742 3844.0 600 5
743 5.93e-07 631 108
744 39.6 630 71
745 4000.0 627 205
746 5.8e-09 622 54
747 6.53e-07 631 232
748 7.7e-11 622 197
749 0.1 600 112
750 1e-06 632 212
751 6000.0 633 197
752 1250000000.0 623 433
753 1922.0 634 5
754 1200000.0 633 635
755 127205.0 636 637
756 4219.666667 630 63
757 0.181818182 638 545
758 24457541.55 627 56
759 6.7e-14 639 126
760 3000.0 617 143
761 1.5e-05 640 344
762 1.0 630 20
763 5.3e-14 639 641
764 173.0 608 20
765 40.0 642 3
766 9.23e-07 612 643
767 100000.0 644 34
768 10.0 600 645
769 100000.0 623 16
770 150000.0 600 138
771 10000000.0 646 80
772 100000.0 647 648
773 165.0 600 582
774 159883.0 608 139
775 4301.0 627 20
776 172.0 649 20
777 8269.74 600 487
778 4.71e-05 650 651
779 172.0 652 20
780 81.1 638 43
781 25.000005 653 3
782 1922.0 654 5
783 9e-12 655 656
784 20.0 657 117
785 5e-05 658 176
786 300.0 638 186
787 2.86e-08 659 660
788 1922.0 661 5
789 25.000005 662 3
790 81.1 657 43
791 159883.0 638 139
792 3000.0 638 143
793 1.0 638 20
794 4.64e-07 612 663
795 1.59e-06 612 106
796 1000.0 638 40
797 0.05 664 310
798 1001.0 665 149
799 20.0 666 3
800 1922.0 667 5
801 5e-12 668 488
802 20.0 638 52
803 0.8 669 83
804 0.00645 638 176
805 2000000.0 670 67
806 100000.0 640 34
807 1.4e-05 671 108
808 5.1 638 97
809 200000.0 672 230
810 0.08 638 296
811 1001.0 673 149
812 7.618 638 386
813 1e-06 674 212
814 689610.3896 673 65
815 650.0 417 197
816 9.92e-05 658 100
817 420.0 638 488
818 1.0 673 20
819 2400000.0 638 249
820 0.05 665 46
821 0.0123 638 106
822 100000.0 675 34
823 0.1 638 112
824 1.8e-09 658 545
825 100000.0 638 16
826 3300000.0 638 7
827 0.094 676 405
828 3000000.0 638 118
829 3900.0 638 58
830 81.1 677 43
831 1001.0 638 149
832 5000000.0 638 67
833 173.0 677 20
834 200.0 638 134
835 500000.0 678 34
836 0.1 679 173
837 7707.0 680 149
838 1922.0 681 5
839 20.0 682 3
840 300.0 638 197
841 1922.0 683 5
842 4000.0 682 684
843 3.7e-14 685 481
844 5e-08 686 276
845 2e-07 686 338
846 330972.0 687 29
847 7.6e-13 688 464
848 0.014 689 422
849 0.25 690 409
850 8.53e-09 691 422
851 0.01 638 280
852 5e-05 692 273
853 1922.0 693 5
854 10000000.0 694 695
855 0.005 638 69
856 0.01 696 280
857 20.0 677 3
858 8.72e-06 697 54
859 150000.0 638 138
860 81.1 698 43
861 100.0 638 141
862 1922.0 699 5
863 100000.0 638 34
864 777.0 698 63
865 100000.0 696 34
866 5.84e-08 700 701
867 71000.0 638 54
868 172.0 702 20
869 5178000.0 657 336
870 1922.0 703 5
871 115.0 638 62
872 330972.0 704 29
873 2000000.0 703 67
874 80.0 696 85
875 0.02 638 370
876 330972.0 677 29
877 100000.0 605 34
878 100000.0 704 16
879 0.094 690 405
880 19.8 704 71
881 0.01 638 90
882 1e-06 705 146
883 100000.0 677 16
884 1450.054113 605 197
885 300.0 605 186
886 80.0 698 85
887 3300000.0 706 7
888 0.000155 677 146
889 172.0 707 20
890 1922.0 111 5
891 8.86e-05 708 709
892 1922.0 264 5
893 172.0 710 20
894 81.1 711 43
895 5e-05 708 176
896 0.05 710 310
897 100000.0 698 34
898 5.7e-09 691 234
899 81.1 706 43
900 1.0 711 20
901 1922.0 712 5
902 5.93e-05 708 271
903 20.0 713 3
904 11.0 704 173
905 0.181818182 706 545
906 1e-06 691 146
907 1005000.0 691 56
908 20.0 714 3
909 4e-05 692 589
910 1922.0 715 5
911 1.6e-09 708 227
912 2.2e-08 716 227
913 25000.0 717 140
914 1922.0 718 5
915 20.0 719 3
916 81.1 717 43
917 0.012000768 720 9
918 172.0 721 20
919 3000.0 717 143
920 2.0 717 120
921 1000.0 717 40
922 100000.0 722 16
923 0.05 636 168
924 10.0 717 723
925 14000.0 718 724
926 0.5 719 725
927 330972.0 711 29
928 172.0 726 20
929 9.46e-05 727 166
930 100000.0 711 16
931 2.04e-05 728 273
932 12703.0 717 223
933 25406.0 720 223
934 0.05 726 310
935 10000000.0 729 80
936 20.0 730 3
937 0.000172 711 146
938 25000.0 731 140
939 2.0 640 383
940 4.65e-05 732 197
941 500.0 711 134
942 5.3e-05 732 138
943 300000.0 717 65
944 777.0 733 63
945 777.0 734 63
946 2.8e-13 735 603
947 20.0 736 3
948 1.0 737 20
949 81.1 162 43
950 100000.0 720 34
951 1001.0 737 149
952 1.0 162 20
953 100000.0 738 16
954 100000.0 731 739
955 650.0 740 197
956 20.0 741 3
957 1436111.0 731 379
958 20.0 162 3
959 200.0 742 743
960 1000.0 731 40
961 0.5 162 409
962 2898.0 742 66
963 1436111.0 744 379
964 330972.0 745 29
965 4.9e-15 746 100
966 754.0 742 113
967 5e-05 692 747
968 2400000.0 742 249
969 0.1 742 112
970 0.25 748 749
971 2000.0 731 205
972 0.0123 750 106
973 1.45e-05 751 752
974 5.0 731 253
975 1922.0 742 5
976 250.0 718 11
977 100000.0 750 34
978 100000.0 742 16
979 1398.858789 753 5
980 10000.0 744 368
981 10000000.0 754 80
982 0.053 742 414
983 0.5 755 85
984 1.02e-05 756 314
985 0.0666 731 757
986 0.015 742 276
987 12024.28906 758 759
988 300.0 760 186
989 80.0 742 85
990 500000.0 731 56
991 10000000.0 761 80
992 0.0275 742 42
993 0.181818182 762 545
994 1.0 742 763
995 4.1 764 173
996 22.0 765 120
997 0.25 764 766
998 40.0 767 60
999 10000000.0 768 769
1000 81.1 742 43
1001 1500000.0 740 50
1002 825000.0 770 466
1003 85.5 765 85
1004 20988000.0 764 50
1005 5e-05 705 176
1006 20.0 742 52
1007 10000000.0 771 772
1008 1.0 764 773
1009 10000000.0 774 80
1010 1e-06 692 527
1011 1100000.0 765 34
1012 4.1 740 173
1013 0.12000768 770 9
1014 2300.0 770 186
1015 600.0 765 134
1016 1e-06 775 146
1017 0.094 776 405
1018 10000000.0 544 80
1019 330972.0 777 29
1020 50.0 776 628
1021 71000.0 764 54
1022 6e-09 778 23
1023 0.181818182 777 545
1024 1000.0 776 209
1025 1833.333 764 779
1026 7.35e-09 780 309
1027 10.70386845 776 781
1028 1.0 761 20
1029 1.0 776 782
1030 0.181818182 761 545
1031 81.1 783 43
1032 110.0 776 416
1033 20.5 776 784
1034 0.0123 761 106
1035 0.000173272 785 166
1036 200.0 783 786
1037 100000.0 787 34
1038 0.15 776 222
1039 0.08 761 296
1040 0.00030776 785 170
1041 10000000.0 783 80
1042 0.05 776 426
1043 1.6e-09 785 788
1044 172.0 789 20
1045 1e-08 790 212
1046 1e-06 692 146
1047 172.0 791 20
1048 1000.0 783 40
1049 300000.0 792 65
1050 300000.0 793 65
1051 9.41e-14 794 795
1052 0.05 791 310
1053 3.73e-09 796 43
1054 0.05 797 168
1055 300000.0 783 65
1056 200.0 783 798
1057 1665.0 799 63
1058 338888.8889 800 65
1059 8.2e-14 801 422
1060 1922.0 802 5
1061 330972.0 799 29
1062 0.181818182 799 545
1063 100000.0 799 16
1064 19.8 799 71
1065 1001.0 803 149
1066 330972.0 804 29
1067 1922.0 805 5
1068 1922.0 806 5
1069 6.9e-13 807 808
1070 5.377468123 809 810
1071 3.8e-08 801 423
1072 3.52e-08 811 378
1073 100000.0 804 16
1074 110.0 812 416
1075 6e-10 746 227
1076 3.0 813 316
1077 81.1 814 43
1078 300.0 814 186
1079 500.0 814 815
1080 3000.0 816 143
1081 20.0 817 3
1082 81.1 816 43
1083 20.0 818 3
1084 9.99e-10 819 212
1085 330972.0 814 29
1086 1101.0 814 149
1087 9.99e-10 820 212
1088 20.0 821 3
1089 2000.0 822 823
1090 4.3e-05 824 146
1091 330972.0 825 29
1092 9.99e-10 826 212
1093 0.012000768 825 9
1094 6e-09 827 23
1095 1000.0 828 40
1096 1001.0 829 149
1097 1001.0 825 149
1098 9.99e-10 830 212
1099 1000.0 828 407
1100 300000.0 831 65
1101 330972.0 832 29
1102 777.0 833 63
1103 100000.0 806 16
1104 500.0 828 11
1105 1.0 832 20
1106 0.181818182 834 545
1107 0.333 835 651
1108 147.0588235 828 836
1109 0.15 835 222
1110 25.0 518 837
1111 7.68e-07 838 9
1112 25.0 518 839
1113 0.07 840 370
1114 1.87e-05 841 412
1115 100000.0 828 739
1116 0.10965 840 176
1117 6.82e-05 842 843
1118 300000.0 844 65
1119 1500001.0 828 220
1120 159883.0 825 139
1121 500000.0 828 56
1122 6.43e-10 845 846
1123 2.02e-09 845 847
1124 1.28e-06 848 749
1125 0.012000768 849 9
1126 10000000.0 825 80
1127 2.13e-06 845 850
1128 2553.0 834 63
1129 1.26e-08 845 851
1130 0.22046586 848 43
1131 80.0 852 85
1132 0.0275 853 42
1133 173.0 854 20
1134 10000.0 855 856
1135 777.0 852 63
1136 81.1 853 43
1137 3187.6574 857 36
1138 6000.0 857 48
1139 10000000.0 858 859
1140 1.0 860 20
1141 1500000.0 861 50
1142 6526.0 862 21
1143 1000.0 860 40
1144 330972.0 863 29
1145 0.8858 864 441
1146 6735.0 862 865
1147 4.6e-10 866 867
1148 100000.0 860 16
1149 60000000.0 868 869
1150 2.4e-14 842 870
1151 100000.0 871 16
1152 23000000.0 862 118
1153 80.0 853 85
1154 0.11 872 280
1155 10000000.0 873 874
1156 0.15 875 356
1157 0.1 875 876
1158 25000.0 877 140
1159 0.1 878 148
1160 1.0 879 880
1161 1922.0 881 5
1162 0.024001536 882 9
1163 12703.0 883 223
1164 100000.0 884 16
1165 500000.0 885 56
1166 1922.0 884 5
1167 25000.0 886 140
1168 300000.0 887 65
1169 5.77e-07 888 176
1170 5.55e-05 889 234
1171 4e-09 890 82
1172 10000000.0 813 891
1173 12.0 892 120
1174 3e-06 889 146
1175 0.094 871 405
1176 200.0 871 235
1177 3.34e-18 893 894
1178 3000.0 871 143
1179 4.6e-10 895 582
1180 0.1 871 32
1181 1e-81 896 897
1182 1922.0 898 5
1183 100000.0 871 739
1184 25000.0 899 140
1185 173.0 900 20
1186 100000.0 900 34
1187 10.42069 871 288
1188 100000.0 901 16
1189 14.05 871 902
1190 0.02 903 280
1191 0.1 904 173
1192 8928.0 828 214
1193 500.0 871 576
1194 1.40857552 888 905
1195 20.0 906 3
1196 0.08 871 907
1197 20.0 908 3
1198 100000.0 909 16
1199 250.0 871 11
1200 20.0 910 3
1201 20.0 911 3
1202 150000.0 912 138
1203 9.87e-07 913 914
1204 8928.0 871 214
1205 20.0 915 3
1206 50.0 916 628
1207 5000.0 871 917
1208 20.0 918 3
1209 1000.0 919 262
1210 2.64e-05 920 166
1211 100.0 871 141
1212 100000.0 900 16
1213 0.094 657 405
1214 20.0 921 3
1215 500.0 657 186
1216 5.12e-05 916 922
1217 20.0 923 3
1218 0.5 916 924
1219 20.0 925 3
1220 20.0 926 3
1221 7.618 540 386
1222 81.1 926 43
1223 20.0 927 3
1224 1922.0 928 5
1225 2e-06 929 930
1226 20.0 931 3
1227 1665.0 540 63
1228 0.005 916 932
1229 2.6e-07 933 934
1230 81.1 935 43
1231 172.0 936 20
1232 1500001.0 871 220
1233 20.0 935 3
1234 0.1 540 32
1235 10000000.0 937 80
1236 139688.2159 871 23
1237 10000000.0 938 939
1238 81.1 940 43
1239 20.0 940 3
1240 4.55e-05 941 378
1241 1e-81 896 942
1242 500000.0 871 56
1243 10000.0 943 944
1244 11011.0 945 149
1245 1e-81 896 946
1246 100000.0 871 34
1247 81.1 947 43
1248 112043.8423 871 227
1249 20.0 947 3
1250 100421.6788 871 54
1251 6e-05 948 949
1252 10000000.0 950 951
1253 9878.0 871 153
1254 1.0 952 20
1255 81.1 953 43
1256 1.178 954 307
1257 20.0 953 3
1258 100000.0 955 16
1259 12703.0 871 223
1260 575.0 956 62
1261 0.014 957 422
1262 0.012000768 958 9
1263 1001.0 952 149
1264 90021.0 954 367
1265 81.1 959 43
1266 20.0 960 3
1267 20.0 959 3
1268 25000.0 961 140
1269 80.0 962 85
1270 0.02 962 963
1271 5.36e-05 964 288
1272 10000000.0 965 966
1273 100000.0 967 16
1274 3000.0 954 143
1275 0.01 968 280
1276 1922.0 969 5
1277 20.0 970 3
1278 9.4e-12 971 92
1279 0.1 954 32
1280 0.012000768 972 9
1281 100000.0 968 34
1282 777.0 973 63
1283 250.0 974 11
1284 81.1 975 43
1285 173.0 976 20
1286 1001.0 976 149
1287 4.1e-14 977 422
1288 81.1 978 43
1289 100000.0 979 16
1290 1.0 980 20
1291 81.1 981 43
1292 20.0 982 3
1293 20.0 983 3
1294 100.0 984 134
1295 12703.0 985 223
1296 300000.0 978 65
1297 420.0 975 488
1298 1000.0 986 40
1299 6.56e-07 659 146
1300 1.0 987 988
1301 10000000.0 978 80
1302 10000000.0 981 80
1303 100000.0 975 34
1304 6.41e-05 989 990
1305 5.42e-06 659 271
1306 777.0 991 63
1307 0.05 986 310
1308 2102.0 986 149
1309 0.012000768 992 9
1310 0.02 982 993
1311 172.0 992 20
1312 2000.0 994 995
1313 12703.0 992 223
1314 1001.0 994 149
1315 100000.0 978 34
1316 75.0 994 62
1317 100000.0 981 34
1318 100000.0 996 16
1319 0.012000768 994 9
1320 300000.0 992 65
1321 777.0 997 63
1322 3000.0 994 143
1323 825000.0 998 466
1324 0.012000768 999 9
1325 81.1 1000 43
1326 100000.0 137 1001
1327 81.1 1002 43
1328 330972.0 978 29
1329 10000000.0 1002 80
1330 1000.0 1003 40
1331 330972.0 981 29
1332 25000.0 1004 140
1333 9e-05 1005 288
1334 12703.0 999 223
1335 231140487.2 1006 249
1336 81.1 1007 43
1337 300000.0 999 65
1338 0.25 997 766
1339 2.7473 1006 1008
1340 50.0 1006 1009
1341 650.0 986 197
1342 1.37e-06 1010 1011
1343 300.0 1003 1012
1344 150000.0 1013 1014
1345 100000.0 1002 34
1346 81.1 1015 43
1347 4.9e-15 997 100
1348 1001.0 1016 149
1349 100000.0 860 34
1350 81.1 659 43
1351 0.00609 1017 249
1352 0.05 1018 168
1353 1.2e-05 1019 54
1354 1001.0 860 149
1355 250.0 997 141
1356 0.012000768 1020 9
1357 81.1 1021 43
1358 150000.0 1022 138
1359 11.453 982 1023
1360 71000.0 997 54
1361 0.2 1024 1025
1362 4414235.506 1026 379
1363 172.0 1020 20
1364 1001.0 1022 149
1365 100000.0 1027 34
1366 100000.0 981 16
1367 100000.0 978 16
1368 6.2e-07 1028 227
1369 81.1 1029 43
1370 0.02 1030 963
1371 12703.0 1020 223
1372 3000.0 957 143
1373 81.1 1031 43
1374 420.0 1030 488
1375 300000.0 1020 65
1376 81.1 1032 43
1377 330972.0 1003 29
1378 4500004.0 1030 220
1379 10000000.0 1033 1034
1380 81.1 1035 43
1381 0.5 982 725
1382 20.0 1036 3
1383 100000.0 1037 16
1384 7.618 1020 386
1385 10000.0 1038 368
1386 777.0 1037 63
1387 80.0 1039 104
1388 0.08 1040 46
1389 2.63e-09 1041 244
1390 1000.0 1040 407
1391 0.02 1040 641
1392 0.012000768 1042 9
1393 0.094 706 405
1394 81.1 1040 43
1395 1922.0 1043 5
1396 1.0 1042 33
1397 1500001.0 1044 220
1398 50000.0 1045 1046
1399 24088887.0 1047 379
1400 560.0 1045 1048
1401 6.54e-14 1049 1050
1402 0.14546329 1037 66
1403 1589000.0 1051 336
1404 5.78e-09 1052 100
1405 261096605.7 1053 1054
1406 12703.0 1042 223
1407 500.0 1045 576
1408 47.61904462 1037 138
1409 111000.0 1044 519
1410 300000.0 1042 65
1411 0.094 1038 405
1412 27.18861839 1037 934
1413 6.6e-14 1055 378
1414 6.03e-06 1056 48
1415 173.0 1057 20
1416 501000.0 1044 1058
1417 120.0 1059 3
1418 100000.0 1060 16
1419 250.0 1003 11
1420 0.012000768 1061 9
1421 0.00032462 1062 97
1422 0.08 1003 907
1423 172.0 1061 20
1424 0.000999001 1063 212
1425 8.96e-05 1064 1065
1426 0.01 1044 1066
1427 31847133.75 1067 1068
1428 2000.0 1003 205
1429 0.04 1069 963
1430 500.0 1070 134
1431 7336900.0 1044 336
1432 0.2 744 83
1433 12703.0 1061 223
1434 300000.0 1071 65
1435 12703.0 1003 223
1436 300000.0 1061 65
1437 81.1 1069 43
1438 3900.0 1003 58
1439 500.0 158 134
1440 50000.0 1044 424
1441 500.0 1003 1072
1442 1000.0 700 262
1443 0.452800061 1067 1073
1444 25.5 1074 784
1445 5.0 1003 253
1446 777.0 1067 63
1447 0.012000768 1075 9
1448 10000.0 1076 1014
1449 9878.0 1077 153
1450 650.0 1003 197
1451 8928.0 1044 214
1452 1.95 1074 222
1453 0.05 700 168
1454 10000.0 1044 368
1455 8e-07 1078 354
1456 1e-05 1078 1079
1457 12703.0 1075 223
1458 5.8e-14 1078 894
1459 1300.752534 1080 197
1460 8.11e-14 1081 988
1461 100.0 1082 134
1462 81.1 1083 43
1463 10000.0 1084 1014
1464 10.0 1085 253
1465 12703.0 1082 223
1466 300000.0 1075 65
1467 500000.0 1044 56
1468 45.0 1003 1086
1469 1.0 1087 20
1470 173.0 1088 20
1471 40.0 1044 60
1472 5e-05 1078 701
1473 218.343783 1003 387
1474 0.012000768 1089 9
1475 250.0 1003 141
1476 172.0 1089 20
1477 100000.0 1044 739
1478 1120.0 636 488
1479 12703.0 1089 223
1480 0.25 1003 206
1481 5.0 1044 225
1482 10000.0 1090 1014
1483 300000.0 1089 65
1484 102.5 1003 1091
1485 76769537.0 1003 1092
1486 14000.0 1003 724
1487 7.618 1093 386
1488 12703.0 1094 223
1489 33333.333 1003 1095
1490 1922.0 1096 5
1491 500.0 1094 134
1492 139688.2159 1003 23
1493 10000.0 1097 1014
1494 0.15 1098 222
1495 10000.0 1099 1014
1496 10000000.0 1100 1101
1497 13878.0 1044 153
1498 100000.0 1102 16
1499 1436211.0 1044 379
1500 300000.0 1003 65
1501 9e-05 1103 288
1502 0.1 1098 114
1503 10000.0 1104 1014
1504 210.0 1044 416
1505 100000.0 1003 34
1506 0.012000768 1044 9
1507 3.33e-05 1105 1106
1508 10000.0 1107 1014
1509 112043.8423 1003 227
1510 100421.6788 1003 54
1511 10000.0 1108 1014
1512 20.0 1109 3
1513 115.0 1003 62
1514 10000.0 1110 1014
1515 5.0 1003 225
1516 45.0 1111 3
1517 165.0 1112 582
1518 7678.0 1003 153
1519 777.0 1113 63
1520 1001.0 1114 149
1521 9.17e-05 1078 1065
1522 10000.0 1115 1014
1523 7.68e-07 1103 9
1524 1e-06 1078 212
1525 9.97e-06 1116 232
1526 10000.0 1117 1014
1527 100000.0 1037 34
1528 5000000.0 1003 67
1529 20.0 1118 3
1530 3000.0 1078 143
1531 0.4938 1119 378
1532 10000.0 1120 1014
1533 0.00645 1078 176
1534 1001.0 1003 149
1535 0.8 1078 97
1536 0.01210942 1037 113
1537 7.618 1003 386
1538 325000.0 1077 379
1539 10000.0 1121 1014
1540 0.181818182 1122 545
1541 10000.0 1123 1014
1542 0.012000768 1124 9
1543 20.0 1123 3
1544 81.1 1037 43
1545 10000.0 1125 1014
1546 500.0 1078 11
1547 0.053 1126 414
1548 20.0 1127 3
1549 0.0004 1078 126
1550 100000.0 1122 34
1551 10000.0 1128 1014
1552 3000.0 1126 143
1553 1000.0 1129 205
1554 115.0 1078 62
1555 330972.0 1126 29
1556 9.92e-05 1126 100
1557 172.0 1124 20
1558 777.0 1126 63
1559 115.0 1126 62
1560 12703.0 1124 223
1561 2.0 1130 33
1562 80.0 1126 85
1563 100000.0 1131 34
1564 300000.0 1124 65
1565 81.1 1126 43
1566 0.00645 1126 176
1567 1000.0 1126 40
1568 10000.0 1132 1014
1569 0.012000768 1133 9
1570 9e-09 1134 212
1571 1001.0 1135 149
1572 81.1 1136 43
1573 330972.0 1136 29
1574 100000.0 1137 16
1575 0.181818182 1138 545
1576 4.2e-10 1139 113
1577 81.1 1135 43
1578 0.000129498 1140 166
1579 5000000.0 1138 67
1580 3.15 1141 752
1581 100000.0 1142 34
1582 81.1 1143 43
1583 330972.0 1143 29
1584 0.02 1142 963
1585 1.0 1144 259
1586 81.1 1142 43
1587 3.98e-08 1145 316
1588 159883.0 1142 139
1589 500.0 1146 11
1590 0.01 1147 280
1591 6.82e-05 1148 370
1592 2.06e-05 1149 656
1593 172.0 1133 20
1594 81.1 1150 43
1595 100000.0 1146 16
1596 0.00645 1112 176
1597 1000.0 1151 1152
1598 12703.0 1133 223
1599 330972.0 1150 29
1600 111000.0 1151 519
1601 300000.0 1133 65
1602 20.0 1148 3
1603 100000.0 1148 16
1604 80.0 1153 85
1605 1.0 1151 371
1606 81.1 1154 43
1607 11489688.0 549 379
1608 5000.0 1151 367
1609 0.014 1155 422
1610 0.1 1156 114
1611 1000.0 1112 40
1612 1150893.794 1151 1058
1613 0.208 1155 663
1614 330972.0 1154 29
1615 0.012000768 1157 9
1616 81.1 1112 43
1617 300000.0 665 65
1618 20.0 1158 3
1619 7.81e-05 1159 227
1620 81.1 1160 43
1621 11396.0 1155 990
1622 3000.0 1161 143
1623 0.01 1151 1066
1624 0.4 1162 83
1625 0.004 1163 82
1626 172.0 1157 20
1627 5.1e-11 1164 464
1628 9878.0 1165 153
1629 12703.0 1157 223
1630 7.94e-05 1166 97
1631 0.1 1151 114
1632 100000.0 1167 16
1633 0.1 1168 145
1634 81.1 1169 43
1635 20.0 1170 3
1636 330972.0 1169 29
1637 13.0 1168 125
1638 330972.0 1171 29
1639 1001.0 1171 149
1640 300000.0 1157 65
1641 2.7e-06 1172 199
1642 50000.0 1151 424
1643 300000.0 1173 65
1644 0.012000768 1174 9
1645 0.144 1151 405
1646 330972.0 1175 29
1647 8928.0 1151 214
1648 81.1 1176 43
1649 0.15 1077 222
1650 172.0 1174 20
1651 10000.0 1151 368
1652 1922.0 1177 5
1653 12703.0 1174 223
1654 300000.0 1174 65
1655 5.0 1151 253
1656 3300000.0 564 7
1657 20.0 1178 3
1658 500.0 1177 186
1659 9.28e-05 1179 62
1660 0.000999001 1180 212
1661 3000000.0 564 118
1662 330972.0 1181 29
1663 5.0 1182 1183
1664 0.012000768 1184 9
1665 1001.0 1181 149
1666 0.05 1151 46
1667 2e-11 1185 1186
1668 9e-12 1187 25
1669 172.0 1184 20
1670 1e-05 1188 1189
1671 1e-06 1188 146
1672 330972.0 1190 29
1673 0.0001 1188 1191
1674 1e-06 1192 527
1675 1001.0 1190 149
1676 1e-06 1188 527
1677 0.0666 1151 757
1678 173.0 1193 20
1679 9.05e-05 1188 234
1680 1001.0 1193 149
1681 1101.0 564 149
1682 1e-06 1192 146
1683 12703.0 1184 223
1684 30.0 1194 3
1685 500000.0 1151 56
1686 3300000.0 566 7
1687 330972.0 1195 29
1688 1001.0 1195 149
1689 250.0 1196 11
1690 172.0 1195 20
1691 1101.0 566 149
1692 200.0 1177 743
1693 1e-81 1197 946
1694 4e-09 1198 227
1695 6e-10 1199 227
1696 300000.0 1184 65
1697 250.0 1200 11
1698 1436111.0 1177 379
1699 4.29e-10 1201 1011
1700 3.97e-05 1202 97
1701 7590.288986 1203 1204
1702 172.0 1205 20
1703 777.0 1206 63
1704 20.0 1207 3
1705 330972.0 1205 29
1706 8e-09 1208 9
1707 3.0 440 316
1708 1.5e-05 1177 344
1709 0.012000768 1209 9
1710 650000.0 1210 140
1711 1001.0 1205 149
1712 1.5e-06 989 104
1713 1000000.006 1211 249
1714 40.0 1151 60
1715 1200.0 1212 197
1716 9.99e-10 1213 212
1717 5.0 1151 225
1718 100000.0 1151 739
1719 172.0 1209 20
1720 1500001.0 1151 220
1721 0.01 1151 240
1722 0.4 1214 83
1723 12703.0 1209 223
1724 5e-05 1166 176
1725 9.92e-05 1215 100
1726 10.0 1151 723
1727 300000.0 1209 65
1728 8e-09 1216 9
1729 2.16e-05 1166 54
1730 19.8 1217 71
1731 3300000.0 1218 7
1732 0.012000768 1219 9
1733 500.0 1217 11
1734 2.0 1218 120
1735 159883.0 657 139
1736 400.0 1220 379
1737 1.05 1217 1221
1738 1.0 774 20
1739 7000.0 657 1222
1740 7.618 1217 386
1741 2.0 657 120
1742 1001.0 1223 149
1743 3.33e-14 1224 1225
1744 80.0 1226 104
1745 0.01 1227 280
1746 20.0 1228 3
1747 0.3089 1219 307
1748 12703.0 1229 223
1749 9e-05 1166 288
1750 2001.5 1230 75
1751 1683.0 1231 66
1752 4.72e-05 1232 1233
1753 2.0 1234 1183
1754 100000.0 1231 16
1755 4.77e-10 1235 1233
1756 4.13e-14 1236 309
1757 2.0 1237 120
1758 0.053 1215 414
1759 3000.0 1229 143
1760 777.0 1199 63
1761 1000.0 116 40
1762 9878.0 1230 153
1763 9.47e-05 1238 535
1764 9.53e-06 1239 232
1765 1.83e-05 1240 197
1766 1436211.0 1230 379
1767 0.0123 1215 106
1768 110.0 1230 416
1769 3000.0 1241 143
1770 55001.0 1083 197
1771 4e-09 1242 9
1772 3.1e-05 1243 759
1773 1000.0 1244 407
1774 10000.0 1241 368
1775 8.1e-05 1245 759
1776 12703.0 1246 223
1777 1001.0 1244 149
1778 6.27e-06 1247 423
1779 250.0 1241 11
1780 100000.0 1241 739
1781 1.28e-09 1248 151
1782 80.0 1249 3
1783 81.1 1250 43
1784 1.75e-07 1242 656
1785 1.29e-10 1245 1251
1786 1.89e-11 1242 232
1787 8.14e-08 1252 378
1788 1.0 1253 20
1789 2400000.0 1254 249
1790 12703.0 1255 223
1791 0.15 1256 222
1792 0.01 1257 280
1793 1.1e-09 1258 113
1794 0.1 1259 310
1795 0.012000768 1253 9
1796 1.39e-09 1252 357
1797 9.14e-05 1260 836
1798 81.1 1261 43
1799 10000000.0 492 1262
1800 173.0 1263 20
1801 3000.0 1261 143
1802 9.92e-05 1264 100
1803 7e-09 1265 197
1804 100000.0 1151 16
1805 1001.0 1263 149
1806 0.1 1151 1266
1807 81.1 1267 43
1808 5000.0 1151 1268
1809 1.52e-05 1264 54
1810 99.0 1269 71
1811 2.0 700 120
1812 0.094 1270 405
1813 8.3e-05 1271 387
1814 11.0 700 173
1815 20.0 1270 117
1816 10000000.0 1272 1273
1817 4.77e-05 1274 766
1818 40000.0 636 1275
1819 100000.0 740 16
1820 7.89e-05 700 1276
1821 173.0 1277 20
1822 0.1 1278 114
1823 1001.0 1277 149
1824 1.0 1279 20
1825 0.012000768 1280 9
1826 0.05 1281 46
1827 10000000.0 302 1282
1828 0.1 1281 148
1829 4.75e-05 1283 316
1830 0.46339005 1284 1001
1831 173.0 1285 20
1832 10000000.0 1286 1287
1833 0.00182645 1284 248
1834 1001.0 1285 149
1835 250.0 1280 11
1836 66.66 1288 26
1837 8.2e-09 1289 183
1838 172.0 1290 20
1839 0.25 1151 409
1840 4.87e-05 1283 354
1841 6.01e-09 1291 212
1842 10000000.0 1283 209
1843 690.0 1283 1292
1844 3.1e-05 1283 759
1845 1347001.0 1253 1293
1846 6e-10 1294 227
1847 8928.0 1283 214
1848 173.0 1295 20
1849 4.98e-07 494 54
1850 10000000.0 1296 80
1851 1001.0 1295 149
1852 159883.0 1253 139
1853 2.0 636 383
1854 4.7e-07 569 1008
1855 100000.0 1297 34
1856 1.0 1269 20
1857 20.0 1297 3
1858 0.01 174 240
1859 10000000.0 1298 1299
1860 3.62e-05 1300 25
1861 9.7e-07 1301 23
1862 3000.0 636 143
1863 4.5e-07 1301 227
1864 5.5e-08 1302 23
1865 4.4e-05 1303 1233
1866 8928.0 1269 214
1867 6.5 1304 924
1868 100000.0 1305 16
1869 4e-09 1306 82
1870 0.739037718 1307 905
1871 25000.0 1304 140
1872 0.66161023 1308 314
1873 100000.0 1309 16
1874 0.00645 1310 176
1875 0.05 1307 46
1876 250.0 1311 11
1877 13878.0 1151 153
1878 500.0 1311 186
1879 1436211.0 1151 379
1880 110.0 1151 416
1881 992916.0 1312 29
1882 173.0 1311 20
1883 500.0 1313 134
1884 0.01 1314 202
1885 6.83e-09 1291 378
1886 330972.0 1296 29
1887 25000.0 1315 140
1888 9900000.0 1312 7
1889 9e-05 1316 288
1890 0.6 1317 43
1891 0.012000768 1311 9
1892 3.49e-05 1318 197
1893 3.3e-05 1319 36
1894 81.1 1311 43
1895 1922.0 1320 5
1896 3.7e-14 1321 773
1897 1000.0 1322 147
1898 80.0 1323 85
1899 9.0 1324 1325
1900 100000.0 1296 16
1901 0.0052832 1326 389
1902 80.0 1320 1327
1903 100.0 1328 120
1904 1000.0 1241 40
1905 100000.0 1329 34
1906 8e-06 1330 527
1907 173.0 1331 20
1908 0.6 1332 1333
1909 8e-06 1330 146
1910 0.1 1332 43
1911 81.1 1334 43
1912 5890.0 1230 1335
1913 0.012000768 1336 9
1914 12703.0 1241 223
1915 100.0 1241 134
1916 89.0 1241 1337
1917 6012.144531 1338 759
1918 0.094 1339 405
1919 7.1e-14 1241 603
1920 7336900.0 1230 336
1921 10000.0 1339 368
1922 2.35 1340 533
1923 0.1 1339 114
1924 20.5 1339 784
1925 111000.0 1230 519
1926 3045.0 1339 1086
1927 20754000.0 1340 138
1928 7678.0 1341 153
1929 20.0 1342 3
1930 25.0 1343 784
1931 5.0 1339 225
1932 8928.0 1341 214
1933 3.4e-14 1344 378
1934 7336900.0 1339 336
1935 20.0 1343 253
1936 2.65e-14 1345 556
1937 777.0 1346 63
1938 10000000.0 1343 1347
1939 4.83e-05 1348 54
1940 2.0 1346 383
1941 500000.0 1241 56
1942 1.0 1346 83
1943 300000.0 1241 65
1944 6e-10 1241 227
1945 0.012000768 1349 9
1946 7.7e-08 1241 752
1947 0.053 1350 414
1948 0.1 1346 114
1949 81.1 1350 43
1950 3000.0 1350 143
1951 3.1e-05 191 759
1952 1922.0 1350 5
1953 71000.0 1351 54
1954 1.75e-06 191 227
1955 6.49e-05 191 54
1956 3300000.0 1350 7
1957 5.12e-05 1352 316
1958 0.11 1350 280
1959 80.0 1353 85
1960 825000.0 1350 466
1961 1.58e-06 1354 54
1962 1001.0 1350 149
1963 4e-15 1355 599
1964 2700.0 1346 186
1965 1e-08 1356 378
1966 300.0 1350 186
1967 0.396 1346 405
1968 6.3e-09 1357 170
1969 3.0 1358 316
1970 4500000.0 1346 56
1971 56543.2574 1359 63
1972 1.0 1339 1360
1973 173.0 1361 20
1974 2.0 1339 383
1975 0.04 1339 46
1976 900000.0 1346 34
1977 1436211.0 1339 379
1978 50.0 1339 628
1979 1000.0 1362 40
1980 10000000.0 492 1363
1981 1.174667333 1364 212
1982 0.01 1346 240
1983 0.012000768 1364 9
1984 44640.0 1346 214
1985 3.65e-05 1365 36
1986 1665.0 1366 63
1987 0.0027 1364 1367
1988 0.019 1346 88
1989 20.0 1368 3
1990 1101.0 1369 149
1991 0.005 1364 69
1992 7.618 1364 386
1993 80.0 1364 85
1994 8.0 1370 1058
1995 7.68e-07 1371 9
1996 0.01 1364 370
1997 5.15e-05 1371 227
1998 1.6e-06 1372 905
1999 0.05 1364 151
2000 81.1 1373 1374
2001 0.208 1364 663
2002 0.000273201 1375 146
2003 173.0 1376 20
2004 600.0 1377 134
2005 0.5 1378 85
2006 81.1 1364 43
2007 80.5 1366 85
2008 0.542311787 1379 810
2009 0.015 1364 276
2010 20.0 1307 117
2011 2400000.0 1380 249
2012 10.42069 1364 288
2013 10000000.0 1381 1382
2014 1001.0 1380 149
2015 20.0 1364 52
2016 0.018 1364 88
2017 10003.68 1383 930
2018 0.00645 1364 176
2019 9.57e-05 1384 118
2020 0.077799216 1364 100
2021 1001.0 1385 149
2022 173.0 1383 20
2023 0.542311787 1386 810
2024 0.01 1364 90
2025 100000.0 1383 739
2026 0.0123 1364 106
2027 10000000.0 1387 1388
2028 0.08 1364 296
2029 550000.0 1389 65
2030 0.0275 1364 42
2031 5.8e-15 1321 155
2032 0.015 1364 1390
2033 3.86e-05 1391 487
2034 25000.0 1392 140
2035 0.053 1364 414
2036 3165.0 1307 63
2037 0.542311787 1393 810
2038 12703.0 1394 223
2039 650.0 1383 197
2040 500.0 1395 186
2041 1922.0 1396 5
2042 65777.0 1397 63
2043 500000.0 64 56
2044 0.542311787 1395 810
2045 100000.0 1398 16
2046 200000.0 1399 34
2047 20.0 1400 3
2048 20.0 1401 3
2049 11.0 1402 173
2050 100000.0 1403 16
2051 4.9e-15 1404 100
2052 173.0 1405 20
2053 100000.0 1403 34
2054 825000.0 1402 466
2055 100000.0 1406 16
2056 4025000.0 1407 466
2057 100000.0 1406 34
2058 100000.0 1408 16
2059 1250.0 1408 197
2060 5.64e-05 1409 199
2061 4e-07 1410 108
2062 100000.0 1408 34
2063 1.7e-05 1260 368
2064 100000.0 1411 16
2065 100000.0 1411 34
2066 13878.0 1412 153
2067 100000.0 1413 16
2068 100000.0 1413 34
2069 10000000.0 1358 1414
2070 7.618 1415 386
2071 20.0 1416 3
2072 100000.0 1417 16
2073 10.42069 1415 288
2074 110.0 1412 416
2075 100000.0 1417 34
2076 3300000.0 1418 7
2077 100000.0 1419 16
2078 100000.0 1419 34
2079 81.1 1420 43
2080 100000.0 1421 16
2081 100000.0 1421 34
2082 20.0 1422 3
2083 3.4e-09 1423 556
2084 1.2e-09 1423 1424
2085 8928.0 1038 214
2086 3.0 1425 316
2087 7.68e-07 1426 9
2088 20.0 1427 3
2089 20.0 1428 3
2090 7e-05 1423 902
2091 20.0 1429 3
2092 4.86e-09 1430 603
2093 1e-14 1431 1432
2094 500.0 1433 186
2095 10000000.0 1434 1435
2096 0.542311787 1433 810
2097 10000000.0 1436 1437
2098 500.0 1438 186
2099 0.012000768 1439 9
2100 100000.0 521 739
2101 12703.0 521 223
2102 825000.0 521 466
2103 8928.0 521 214
2104 500.0 1440 186
2105 103.8354397 1441 97
2106 484.2 1441 592
2107 0.15 1441 222
2108 10000.0 1427 1014
2109 88857.0 1441 258
2110 81.1 1442 43
2111 10000.0 1428 1014
2112 3.97e-05 494 97
2113 0.8089 1443 307
2114 6012.144531 1441 759
2115 50000.0 1441 1444
2116 0.0012 1443 1445
2117 250000.0 1441 843
2118 10000.0 1429 1014
2119 1000000.0 1441 1008
2120 1e-81 1446 1447
2121 3.46e-05 1448 54
2122 7.94e-05 1449 97
2123 9e-05 1449 249
2124 825000.0 1450 466
2125 777.0 1451 63
2126 0.2 1452 32
2127 0.04 1453 963
2128 8.86e-05 1452 1454
2129 0.25 1453 195
2130 2.45e-09 1455 1456
2131 2.7e-14 1457 422
2132 50.0 1458 628
2133 8.1e-05 1194 763
2134 4.9e-15 1459 100
2135 6.62e-05 1460 143
2136 7.43e-06 1460 48
2137 80.0 1461 85
2138 200000.0 1439 230
2139 19.8 1439 71
2140 10000000.0 1425 1462
2141 9.92e-05 1463 100
2142 3.97e-05 1464 97
2143 1.0 1439 20
2144 3.6e-09 1465 138
2145 20.0 1466 3
2146 0.1 1439 148
2147 10000000.0 521 209
2148 10000.0 1439 368
2149 6e-09 1467 23
2150 1000.0 1439 40
2151 2.3e-07 1468 314
2152 0.019 1469 88
2153 1000.0 1439 407
2154 0.25 1439 409
2155 20.0 1470 3
2156 10000000.0 1439 209
2157 2.4e-13 1467 189
2158 3.68e-05 1470 197
2159 500.0 1439 11
2160 10000000.0 468 1471
2161 20000000.0 1472 1473
2162 1922.0 1474 5
2163 20.0 1475 3
2164 110.0 1439 416
2165 6.35e-10 1476 1477
2166 8928.0 1439 214
2167 4000.0 1478 684
2168 40.0 1439 60
2169 0.3 1439 1479
2170 6754.0 1439 423
2171 1500001.0 1439 220
2172 6021.0 1480 367
2173 0.05 1439 426
2174 100000.0 1439 34
2175 330972.0 1481 29
2176 330972.0 1482 29
2177 100000.0 1482 16
2178 3300000.0 1482 7
2179 1101.0 1439 149
2180 825000.0 1482 466
2181 81.1 1483 43
2182 18000.0 1484 186
2183 10000000.0 1485 1486
2184 7.0 1484 173
2185 3000.0 1487 48
2186 6.4e-09 1488 113
2187 4.34e-05 1159 197
2188 8.78e-05 1489 316
2189 4.9e-15 1467 100
2190 589.0 1490 340
2191 1.48e-05 1491 464
2192 1.8e-05 1492 1493
2193 4.1e-05 1492 433
2194 10000000.0 1494 1495
2195 3.21e-05 1496 1497
2196 4.92e-07 1498 227
2197 2.7e-10 1499 170
2198 5.98e-05 1498 199
2199 8.09e-05 1498 166
2200 10000000.0 91 180
2201 475000.0 91 1500
2202 10000000.0 1494 1501
2203 2644226.861 91 54
2204 8.7e-11 1502 197
2205 1e-81 1503 1504
2206 1119.0 1505 66
2207 9.92e-05 1159 100
2208 5.9e-12 1506 25
2209 4.1e-14 78 1507
2210 1001.0 1508 149
2211 4004.0 1509 149
2212 4.68e-07 1510 108
2213 39.6 1511 71
2214 0.5 1512 924
2215 0.077799216 1505 100
2216 4.98e-07 1488 54
2217 10000000.0 1358 1513
2218 0.6 1514 1333
2219 1.58e-08 1488 100
2220 0.05 1511 533
2221 600.0 1511 1012
2222 10000000.0 1515 1516
2223 10000000.0 1494 1517
2224 1000.0 1511 209
2225 1.57e-09 1514 100
2226 1150000.0 1514 466
2227 0.053 1518 414
2228 0.2 1307 364
2229 17878.0 1511 153
2230 173.0 1518 20
2231 6.41e-05 1519 170
2232 240.5 1514 85
2233 0.00645 1518 176
2234 330972.0 1520 29
2235 800000.0 1511 56
2236 350002.0 1511 1521
2237 20.0 1522 3
2238 0.0666 1511 757
