10 20.0 0 1
20 1922.0 2 3
30 6600000.0 4 5
40 0.012000768 6 7
50 250.0 8 9
60 20.0 10 1
70 100.0 11 12
80 100000.0 13 14
90 173.0 15 16
100 6526.0 11 17
110 2.11e-06 18 19
120 5.84e-05 20 21
130 66.66 13 22
140 173.0 23 16
150 330972.0 24 25
160 330972.0 26 25
170 0.3 27 28
180 1.0 6 29
190 100000.0 8 30
200 250.0 11 31
210 3.3e-05 18 32
220 850000.0 13 33
230 0.012000768 34 7
240 1000.0 35 36
250 2.55e-07 37 38
260 81.1 34 39
270 200.0 34 40
280 0.05 41 42
290 500.0 34 43
300 3000.0 34 44
310 1500000.0 45 46
320 1.5 11 47
330 20.0 34 48
340 4.94e-05 49 50
350 0.0275 34 38
360 1000.0 51 36
370 500000.0 13 52
380 1922.0 53 3
390 3900.0 34 54
400 0.1 34 55
410 40.0 13 56
420 71000.0 34 50
430 500.0 6 43
440 20.0 57 1
450 115.0 34 58
460 777.0 51 59
470 300000.0 60 61
480 1119.0 4 62
490 5000000.0 34 63
500 500.0 13 9
510 100000.0 64 14
520 0.005 13 65
530 19.8 66 67
540 81.1 68 39
550 2001.5 11 69
560 1119.0 70 62
570 100000.0 71 14
580 4.9e-10 72 43
590 10000000.0 73 74
600 4e-09 75 76
610 0.2 11 77
620 80.0 78 79
630 300.0 11 80
640 0.5 81 79
650 0.019 35 82
660 0.01 83 84
670 0.1023 85 86
680 20.0 6 48
690 8962.844229 87 88
700 1.0 89 16
710 25.8 90 91
720 10000000.0 92 74
730 0.0275 6 38
740 5.78e-09 93 94
750 1.65e-05 95 96
760 4.9e-15 97 94
770 0.0123 6 98
780 250.0 51 9
790 0.9860788 99 100
800 10000000.0 101 74
810 0.1 6 102
820 754.0 83 103
830 0.2 51 104
840 100000.0 6 14
850 80.0 51 79
860 777.0 105 59
870 0.01 60 84
880 0.012000768 106 7
890 20.0 106 107
900 3000000.0 6 108
910 3.97e-05 109 91
920 81.1 106 39
930 2.0 105 110
940 1922.0 111 3
950 1388.0 112 16
960 100000.0 113 30
970 0.0004 6 114
980 4.9e-15 115 94
990 10000000.0 116 74
1000 75.8 117 91
1010 330972.0 118 25
1020 3000.0 112 119
1030 100000.0 120 14
1040 100000.0 121 14
1050 150000.0 6 122
1060 20.0 113 1
1070 159883.0 106 123
1080 25000.0 121 124
1090 100.0 6 125
1100 173.0 126 16
1110 3000.0 106 127
1120 0.00012 112 128
1130 5000.0 121 129
1140 0.1 106 130
1150 20919.0 112 131
1160 81.1 132 39
1170 0.05 6 133
1180 1000.0 134 36
1190 500.0 126 9
1200 7678.0 134 135
1210 0.016 136 137
1220 0.0123 134 98
1230 100000.0 6 30
1240 20.0 138 1
1250 60.0 139 1
1260 0.01 118 84
1270 20.0 121 1
1280 10000000.0 132 74
1290 100000.0 116 14
1300 1.17e-05 140 21
1310 0.006958 141 80
1320 0.01 6 84
1330 256479.3463 141 74
1340 20.0 142 1
1350 6.7e-10 143 144
1360 0.05 145 146
1370 6.89e-05 147 148
1380 0.721557349 141 36
1390 4.1 145 149
1400 0.000133448 141 91
1410 25000.0 150 124
1420 5e-05 151 152
1430 0.1635995 141 59
1440 100000.0 118 14
1450 1.0 153 16
1460 0.122703231 141 154
1470 30.0 153 1
1480 80.0 132 79
1490 0.000185181 141 155
1500 100000.0 153 14
1510 7.0986428 141 156
1520 20.0 157 1
1530 20.0 132 48
1540 0.00012 153 128
1550 500.0 158 9
1560 330972.0 158 25
1570 100000.0 132 30
1580 300.0 159 160
1590 330972.0 161 25
1600 1001.0 162 131
1610 589.0 158 163
1620 300000.0 164 61
1630 81.1 165 39
1640 20.0 166 1
1650 3300000.0 159 5
1660 0.019846302 162 167
1670 1001.0 158 131
1680 500.0 161 119
1690 0.25 168 169
1700 1252.038408 170 171
1710 0.000171 161 128
1720 8.87e-06 172 173
1730 600.0 159 119
1740 20.0 174 1
1750 0.05 175 176
1760 20.0 177 1
1770 19.8 175 67
1780 777.0 175 59
1790 2000.0 178 179
1800 300.0 175 160
1810 0.25 164 180
1820 1252.038408 181 171
1830 10000000.0 182 183
1840 0.077799216 178 94
1850 300000.0 184 61
1860 0.00999001 185 186
1870 20.0 187 1
1880 8928.0 159 188
1890 0.012000768 189 7
1900 500.0 187 119
1910 20.0 190 1
1920 81.1 191 39
1930 796.91435 189 32
1940 0.019 191 82
1950 1500001.0 159 192
1960 20.0 193 1
1970 0.15 182 194
1980 12703.0 191 195
1990 0.000171 187 128
2000 650.0 191 171
2010 1000.0 150 196
2020 81.1 189 39
2030 5.0 182 197
2040 61447.708 198 199
2050 250.0 191 125
2060 1.0 189 29
2070 8e-05 198 200
2080 330972.0 201 25
2090 400000.0 189 202
2100 7.41e-05 203 204
2110 25000.0 189 124
2120 6.6e-09 205 206
2130 0.000137 201 128
2140 200.0 189 207
2150 330972.0 208 25
2160 5.78e-09 209 94
2170 0.1 162 28
2180 12703.0 162 195
2190 0.000171 210 128
2200 0.02 211 212
2210 330972.0 213 25
2220 20.0 214 1
2230 80.5 138 79
2240 20.0 215 1
2250 20.0 216 1
2260 300000.0 213 61
2270 100000.0 162 14
2280 100000.0 217 14
2290 162.2 78 39
2300 80.0 213 79
2310 3.97e-05 182 91
2320 90.0 189 218
2330 9878.0 162 135
2340 0.000171 216 128
2350 1.0 35 16
2360 2400000.0 189 219
2370 80.0 220 79
2380 10.0 182 221
2390 330972.0 222 25
2400 650.0 223 171
2410 88857.0 189 224
2420 0.3333 150 225
2430 3.97e-05 226 91
2440 100.0 227 228
2450 500.0 189 43
2460 9.92e-05 150 94
2470 0.012000768 229 7
2480 0.000154 222 128
2490 330972.0 230 25
2500 3.26e-09 231 206
2510 330972.0 232 25
2520 20.0 232 1
2530 300000.0 230 61
2540 5.93e-05 226 233
2550 0.00012 232 128
2560 5.57e-05 182 76
2570 81.1 234 39
2580 5e-05 182 235
2590 20.0 236 1
2600 0.015 237 238
2610 20.0 239 1
2620 121.9512195 234 240
2630 330972.0 239 25
2640 81.1 190 39
2650 0.1 35 130
2660 81.1 241 39
2670 1000.0 189 36
2680 0.000137 239 128
2690 3000.0 234 44
2700 81.1 214 39
2710 0.01 241 242
2720 330972.0 243 25
2730 500.0 244 160
2740 20.0 245 1
2750 20.0 234 48
2760 100000.0 241 30
2770 0.000154 243 128
2780 3000.0 189 44
2790 300000.0 246 61
2800 0.0275 234 38
2810 81.1 215 39
2820 81.1 247 39
2830 81.1 248 39
2840 81.1 249 39
2850 10.42069 189 250
2860 0.01 248 242
2870 3900.0 234 54
2880 850000.0 251 33
2890 0.008101852 246 252
2900 100000.0 248 30
2910 8.6e-05 253 128
2920 20.0 189 48
2930 4.82e-07 254 255
2940 0.1 234 55
2950 0.00645 189 152
2960 330972.0 256 25
2970 0.0275 189 38
2980 20.0 256 1
2990 115.0 234 58
3000 81.1 257 39
3010 0.08 189 258
3020 0.00012 256 128
3030 5000000.0 234 63
3040 0.01 257 242
3050 0.0123 189 98
3060 100000.0 257 30
3070 0.1 189 102
3080 4995.0 259 59
3090 0.00456451 141 250
3100 100000.0 189 14
3110 81.1 260 39
3120 5000000.0 234 156
3130 81.1 261 39
3140 12703.0 261 195
3150 500.0 189 9
3160 650.0 261 171
3170 0.0589 262 263
3180 0.01 260 242
3190 1001.0 261 131
3200 80.0 261 79
3210 100000.0 260 30
3220 3000000.0 189 108
3230 0.05 259 264
3240 81.1 265 39
3250 3900.0 189 54
3260 0.01 265 242
3270 6526.0 189 17
3280 100000.0 265 30
3290 1.02e-05 182 266
3300 3.0 267 268
3310 173.0 269 16
3320 10000000.0 267 270
3330 0.0123 182 98
3340 81.1 271 39
3350 7.68e-07 272 7
3360 1e-08 273 186
3370 3e-09 273 268
3380 0.01 271 242
3390 0.0002 189 114
3400 330972.0 274 25
3410 100000.0 271 30
3420 20.0 275 1
3430 10000000.0 276 74
3440 4.74e-09 277 133
3450 324.4 278 39
3460 330972.0 279 25
3470 7336900.0 280 281
3480 20.0 282 283
3490 400000.0 278 30
3500 0.005 189 65
3510 150000.0 189 122
3520 80.0 278 79
3530 4e-09 284 268
3540 1.5e-05 182 285
3550 5.28e-07 286 38
3560 1000.0 287 36
3570 100.0 189 125
3580 200000.0 288 202
3590 0.05 288 146
3600 0.044054977 289 290
3610 5e-05 278 291
3620 2.54e-06 286 292
3630 5.9e-11 289 293
3640 9e-09 284 186
3650 20.0 294 283
3660 1000.0 295 36
3670 0.00024752 289 148
3680 81.1 296 39
3690 0.012000768 297 7
3700 0.05 189 133
3710 3000.0 298 127
3720 0.25 189 299
3730 2001.5 280 69
3740 173.0 298 16
3750 0.1 280 300
3760 100000.0 189 30
3770 650.0 296 171
3780 20.0 301 283
3790 15021.0 302 303
3800 10000.0 298 304
3810 71000.0 189 50
3820 100000.0 276 14
3830 2e-08 305 219
3840 115.0 189 58
3850 0.02 189 306
3860 0.1 298 130
3870 0.01 189 84
3880 1.0 280 307
3890 20.0 308 283
3900 1000.0 280 36
3910 5000000.0 189 156
3920 7770.0 309 59
3930 2.317048492 310 268
3940 500.0 311 119
3950 0.3544 310 312
3960 1436111.0 298 313
3970 330972.0 280 25
3980 1000.0 314 119
3990 20.0 315 283
4000 2.0 316 317
4010 1e-06 182 128
4020 7.718 298 318
4030 1.4 251 242
4040 40.0 302 56
4050 8.3e-05 182 319
4060 0.012000768 320 7
4070 20.0 321 1
4080 81.1 320 39
4090 200000.0 320 202
4100 0.404081633 322 104
4110 19.8 320 67
4120 1800000.0 322 323
4130 650.0 302 171
4140 0.8287 324 32
4150 1.0 320 16
4160 0.1 320 130
4170 10000.0 320 304
4180 100000.0 324 14
4190 700.0 325 160
4200 0.9999 246 225
4210 500000.0 326 52
4220 50000.0 326 124
4230 6e-10 72 327
4240 200000.0 326 30
4250 92.65389269 246 328
4260 1.0 320 307
4270 100000.0 329 14
4280 1000.0 320 36
4290 0.194 329 330
4300 1000.0 320 331
4310 20.0 332 1
4320 0.25 320 333
4330 2.11e-06 334 19
4340 10000000.0 320 183
4350 20.0 335 48
4360 5e-12 320 336
4370 7.618 335 318
4380 0.15 246 194
4390 1.215789211 335 186
4400 250.0 320 9
4410 500.0 332 160
4420 6.2e-08 337 338
4430 0.012000768 339 7
4440 0.05 339 146
4450 500.0 339 160
4460 110.0 320 340
4470 10000000.0 339 74
4480 8928.0 320 188
4490 1000.0 341 36
4500 40.0 320 56
4510 2e-11 342 96
4520 777.0 332 59
4530 0.15 320 194
4540 1250.0 339 171
4550 0.014 343 344
4560 6754.0 320 345
4570 100000.0 339 346
4580 1500001.0 320 192
4590 81.1 347 39
4600 0.15 339 194
4610 10000000.0 347 74
4620 20.0 339 1
4630 0.05 320 348
4640 1922.0 349 3
4650 100000.0 320 30
4660 3.7e-09 350 290
4670 80.0 351 79
4680 6.03e-05 352 125
4690 1101.0 320 131
4700 81.1 353 39
4710 20.0 347 48
4720 8.3e-05 354 355
4730 100000.0 351 30
4740 20.0 356 1
4750 3.83e-09 357 114
4760 100000.0 347 30
4770 5.93e-09 358 38
4780 6.325767037 359 1
4790 20.0 360 1
4800 13878.0 361 135
4810 5.3e-05 362 363
4820 2.99e-05 351 152
4830 1250.0 364 171
4840 301302.3996 351 61
4850 1436111.0 365 313
4860 0.014 351 344
4870 1922.0 366 3
4880 1.01e-05 367 144
4890 1e-15 368 252
4900 0.02280694 368 369
4910 1436111.0 361 313
4920 0.05 370 146
4930 20.0 371 1
4940 5.0 332 372
4950 12703.0 373 195
4960 1650000.0 374 375
4970 20.0 376 283
4980 20.0 377 1
4990 20.0 378 283
5000 20.0 379 1
5010 20.0 380 1
5020 172.0 381 16
5030 20.0 382 1
5040 20.0 383 1
5050 20.0 384 283
5060 173.0 385 16
5070 9.898239216 386 1
5080 1040.0 387 16
5090 3.52e-08 388 312
5100 0.0021745 388 389
5110 0.00041975 388 3
5120 0.00057984 141 390
5130 1001.0 391 131
5140 1436211.0 392 313
5150 2.71e-09 393 206
5160 80.0 394 79
5170 100000.0 394 14
5180 2900000.0 395 52
5190 10000000.0 394 74
5200 100000.0 396 14
5210 1922.0 397 3
5220 300000.0 394 61
5230 8928.0 398 188
5240 2400000.0 397 219
5250 0.01 394 84
5260 0.11 397 242
5270 1.28e-15 399 372
5280 3.280373638 400 3
5290 1.02e-05 392 266
5300 1.47e-05 401 344
5310 600000.0 402 30
5320 6e-10 403 389
5330 300000.0 404 61
5340 20.0 405 1
5350 4.84e-09 406 133
5360 3.0 407 268
5370 1.0 408 16
5380 6.18e-05 409 152
5390 1001.0 408 131
5400 1922.0 410 3
5410 81.1 411 39
5420 777.0 412 59
5430 20.0 413 1
5440 333000.0 414 415
5450 173.0 416 16
5460 3000.0 417 127
5470 1.0589 414 263
5480 250.0 418 9
5490 3000.0 411 127
5500 80.0 411 79
5510 1922.0 419 3
5520 1922.0 420 3
5530 4.9e-15 421 94
5540 1e-06 422 423
5550 80.0 412 79
5560 9.28e-07 141 173
5570 1922.0 424 3
5580 2.84e-05 425 50
5590 400000.0 426 30
5600 0.053 427 338
5610 1922.0 428 3
5620 6.35e-05 425 199
5630 0.05 427 429
5640 173.0 427 16
5650 1e-06 422 128
5660 3.26e-05 141 430
5670 1.31415926 427 233
5680 6.1e-05 141 431
5690 115.0 432 58
5700 173.0 433 16
5710 0.1 427 28
5720 80.0 434 79
5730 777.0 427 59
5740 300.0 435 160
5750 0.01 432 306
5760 81.1 434 39
5770 66.66 427 22
5780 100000.0 432 14
5790 100000.0 412 14
5800 300000.0 436 61
5810 0.181818182 437 438
5820 2400000.0 439 219
5830 81.1 440 39
5840 300000.0 439 61
5850 516.0 441 16
5860 150000.0 439 122
5870 110.0 442 340
5880 100000.0 436 14
5890 200000.0 443 124
5900 20.0 444 1
5910 825000.0 445 375
5920 81.1 446 39
5930 9.38e-14 445 447
5940 1.11e-09 448 449
5950 300000.0 446 61
5960 650.0 450 171
5970 0.012000768 451 7
5980 0.012000768 452 7
5990 159883.0 451 123
6000 6.41e-05 453 186
6010 4500000.0 451 192
6020 330972.0 452 25
6030 650.0 454 171
6040 1922.0 455 3
6050 9.9e-14 456 344
6060 1922.0 457 3
6070 139688.2159 446 19
6080 10000000.0 458 74
6090 1922.0 459 3
6100 172.0 460 16
6110 2.0 461 110
6120 6e-11 462 336
6130 100000.0 463 30
6140 139688.2159 464 19
6150 5107900.0 464 304
6160 5.51161023 464 266
6170 3844.0 452 3
6180 500.0 464 465
6190 1000.0 464 466
6200 8e-09 467 7
6210 500000.0 464 52
6220 3e-11 468 469
6230 1922.0 470 3
6240 3.0 471 268
6250 4.1 472 149
6260 7.37e-14 473 474
6270 10000000.0 471 475
6280 300000.0 464 61
6290 10000000.0 464 74
6300 500000.0 476 52
6310 5e-12 473 477
6320 3366.0 464 62
6330 100000.0 87 375
6340 4.15e-08 478 238
6350 300000.0 479 61
6360 3.85e-05 480 43
6370 0.01 481 84
6380 1500000.0 482 46
6390 0.015 481 238
6400 8.9e-05 483 484
6410 650.0 485 171
6420 1000.0 486 36
6430 100000.0 481 14
6440 0.053 481 338
6450 650.0 487 171
6460 330972.0 488 25
6470 0.181818182 489 438
6480 330972.0 490 25
6490 20.0 491 1
6500 6.25e-05 492 291
6510 3.98e-07 493 494
6520 20.0 495 1
6530 0.012000768 490 7
6540 2.91e-05 496 91
6550 20.0 497 1
6560 420.0 498 390
6570 300000.0 490 61
6580 1.59e-05 496 499
6590 173.0 481 16
6600 10000000.0 490 74
6610 20.0 500 1
6620 100000.0 490 14
6630 8.95e-06 501 306
6640 20.0 502 1
6650 0.1 503 300
6660 10000000.0 504 74
6670 250.0 489 9
6680 8.2e-05 505 52
6690 1250.0 481 255
6700 20.0 506 1
6710 0.1 507 149
6720 0.01 492 242
6730 1300.0 508 509
6740 80.0 503 79
6750 20.0 510 1
6760 80.0 504 79
6770 0.363636364 511 438
6780 777.0 481 59
6790 3844.0 481 3
6800 5.93e-07 512 100
6810 39.6 511 67
6820 4000.0 508 179
6830 5.8e-09 503 50
6840 6.53e-07 512 204
6850 7.7e-11 503 171
6860 0.1 481 102
6870 1e-06 513 186
6880 6000.0 514 171
6890 1250000000.0 504 355
6900 1922.0 515 3
6910 1200000.0 514 516
6920 127205.0 517 518
6930 4219.666667 511 59
6940 0.181818182 519 438
6950 24457541.55 508 52
6960 6.7e-14 520 114
6970 3000.0 498 127
6980 1.5e-05 521 285
6990 1.0 511 16
7000 5.3e-14 520 522
7010 173.0 489 16
7020 40.0 523 1
7030 9.23e-07 493 524
7040 100000.0 525 30
7050 10.0 481 526
7060 100000.0 504 14
7070 150000.0 481 122
7080 10000000.0 527 74
7090 165.0 481 469
7100 159883.0 489 123
7110 4301.0 508 16
7120 172.0 528 16
7130 8269.74 481 389
7140 4.71e-05 529 530
7150 172.0 531 16
7160 81.1 519 39
7170 25.000005 532 1
7180 1922.0 533 3
7190 9e-12 534 535
7200 20.0 536 107
7210 5e-05 537 152
7220 300.0 519 160
7230 2.86e-08 538 539
7240 1922.0 540 3
7250 25.000005 541 1
7260 81.1 536 39
7270 159883.0 519 123
7280 3000.0 519 127
7290 1.0 519 16
7300 4.64e-07 493 542
7310 1.59e-06 493 98
7320 1000.0 519 36
7330 0.05 543 264
7340 1001.0 544 131
7350 20.0 545 1
7360 1922.0 546 3
7370 5e-12 547 390
7380 20.0 519 48
7390 0.8 548 77
7400 0.00645 519 152
7410 2000000.0 549 63
7420 100000.0 521 30
7430 1.4e-05 550 100
7440 5.1 519 91
7450 200000.0 551 202
7460 0.08 519 258
7470 1001.0 552 131
7480 7.618 519 318
7490 1e-06 553 186
7500 689610.3896 552 61
7510 650.0 341 171
7520 9.92e-05 537 94
7530 420.0 519 390
7540 1.0 552 16
7550 2400000.0 519 219
7560 0.05 544 42
7570 0.0123 519 98
7580 100000.0 554 30
7590 0.1 519 102
7600 1.8e-09 537 438
7610 100000.0 519 14
7620 3300000.0 519 5
7630 0.094 555 330
7640 3000000.0 519 108
7650 3900.0 519 54
7660 81.1 556 39
7670 1001.0 519 131
7680 5000000.0 519 63
7690 173.0 556 16
7700 200.0 519 119
7710 500000.0 557 30
7720 0.1 558 149
7730 7707.0 559 131
7740 1922.0 560 3
7750 20.0 561 1
7760 300.0 519 171
7770 1922.0 562 3
7780 4000.0 561 563
7790 5e-08 564 238
7800 2e-07 564 283
7810 330972.0 565 25
7820 0.014 566 344
7830 0.25 567 333
7840 8.53e-09 568 344
7850 0.01 519 242
7860 5e-05 569 235
7870 1922.0 570 3
7880 0.005 519 65
7890 0.01 571 242
7900 20.0 556 1
7910 8.72e-06 572 50
7920 150000.0 519 122
7930 81.1 573 39
7940 100.0 519 125
7950 1922.0 574 3
7960 100000.0 519 30
7970 777.0 573 59
7980 100000.0 571 30
7990 5.84e-08 575 576
8000 71000.0 519 50
8010 172.0 577 16
8020 5178000.0 536 281
8030 1922.0 578 3
8040 115.0 519 58
8050 330972.0 579 25
8060 2000000.0 578 63
8070 80.0 571 79
8080 0.02 519 306
8090 330972.0 556 25
8100 100000.0 486 30
8110 100000.0 579 14
8120 0.094 567 330
8130 19.8 579 67
8140 0.01 519 84
8150 1e-06 580 128
8160 100000.0 556 14
8170 1450.054113 486 171
8180 300.0 486 160
8190 80.0 573 79
8200 3300000.0 581 5
8210 0.000155 556 128
8220 172.0 582 16
8230 1922.0 101 3
8240 8.86e-05 583 584
8250 1922.0 230 3
8260 172.0 585 16
8270 81.1 586 39
8280 5e-05 583 152
8290 0.05 585 264
8300 100000.0 573 30
8310 5.7e-09 568 206
8320 81.1 581 39
8330 1.0 586 16
8340 1922.0 587 3
8350 5.93e-05 583 233
8360 20.0 588 1
8370 11.0 579 149
8380 0.181818182 581 438
8390 1e-06 568 128
8400 1005000.0 568 52
8410 20.0 589 1
8420 4e-05 569 474
8430 1922.0 590 3
8440 1.6e-09 583 199
8450 2.2e-08 591 199
8460 25000.0 592 124
8470 1922.0 593 3
8480 20.0 594 1
8490 81.1 592 39
8500 0.012000768 595 7
8510 172.0 596 16
8520 3000.0 592 127
8530 2.0 592 110
8540 1000.0 592 36
8550 100000.0 597 14
8560 0.05 517 146
8570 10.0 592 598
8580 14000.0 593 599
8590 0.5 594 600
8600 330972.0 586 25
8610 172.0 601 16
8620 9.46e-05 602 144
8630 100000.0 586 14
8640 2.04e-05 603 235
8650 12703.0 592 195
8660 25406.0 595 195
8670 0.05 601 264
8680 10000000.0 604 74
8690 20.0 605 1
8700 0.000172 586 128
8710 25000.0 606 124
8720 2.0 521 317
8730 4.65e-05 607 171
8740 500.0 586 119
8750 5.3e-05 607 122
8760 300000.0 592 61
8770 777.0 608 59
8780 777.0 609 59
8790 2.8e-13 610 484
8800 20.0 611 1
8810 1.0 612 16
8820 81.1 140 39
8830 100000.0 595 30
8840 1001.0 612 131
8850 1.0 140 16
8860 100000.0 613 14
8870 100000.0 606 614
8880 650.0 615 171
8890 20.0 616 1
8900 1436111.0 606 313
8910 20.0 140 1
8920 200.0 617 618
8930 1000.0 606 36
8940 0.5 140 333
8950 2898.0 617 62
8960 1436111.0 619 313
8970 330972.0 620 25
8980 4.9e-15 621 94
8990 754.0 617 103
9000 5e-05 569 622
9010 2400000.0 617 219
9020 0.1 617 102
9030 0.25 623 624
9040 2000.0 606 179
9050 0.0123 625 98
9060 1.45e-05 626 627
9070 5.0 606 221
9080 1922.0 617 3
9090 250.0 593 9
9100 100000.0 625 30
9110 100000.0 617 14
9120 1398.858789 628 3
9130 10000.0 619 304
9140 10000000.0 629 74
9150 0.053 617 338
9160 0.5 630 79
9170 1.02e-05 631 266
9180 0.0666 606 632
9190 0.015 617 238
9200 12024.28906 633 634
9210 300.0 635 160
9220 80.0 617 79
9230 500000.0 606 52
9240 10000000.0 636 74
9250 0.0275 617 38
9260 0.181818182 637 438
9270 1.0 617 638
9280 4.1 639 149
9290 22.0 640 110
9300 0.25 639 641
9310 40.0 642 56
9320 81.1 617 39
9330 1500000.0 615 46
9340 825000.0 643 375
9350 85.5 640 79
9360 20988000.0 639 46
9370 5e-05 580 152
9380 20.0 617 48
9390 1.0 639 644
9400 10000000.0 645 74
9410 1e-06 569 423
9420 1100000.0 640 30
9430 4.1 615 149
9440 0.12000768 643 7
9450 2300.0 643 160
9460 600.0 640 119
9470 1e-06 646 128
9480 0.094 647 330
9490 10000000.0 437 74
9500 330972.0 648 25
9510 50.0 647 509
9520 71000.0 639 50
9530 6e-09 649 19
9540 0.181818182 648 438
9550 1000.0 647 183
9560 1833.333 639 650
9570 10.70386845 647 651
9580 1.0 636 16
9590 1.0 647 652
9600 0.181818182 636 438
9610 81.1 653 39
9620 110.0 647 340
9630 20.5 647 654
9640 0.0123 636 98
9650 0.000173272 655 144
9660 200.0 653 656
9670 100000.0 657 30
9680 0.15 647 194
9690 0.08 636 258
9700 0.00030776 655 148
9710 10000000.0 653 74
9720 0.05 647 348
9730 1.6e-09 655 658
9740 172.0 659 16
9750 1e-08 660 186
9760 1e-06 569 128
9770 172.0 661 16
9780 1000.0 653 36
9790 300000.0 662 61
9800 300000.0 663 61
9810 0.05 661 264
9820 3.73e-09 664 39
9830 0.05 665 146
9840 300000.0 653 61
9850 200.0 653 666
9860 1665.0 667 59
9870 338888.8889 668 61
9880 8.2e-14 669 344
9890 1922.0 670 3
9900 330972.0 667 25
9910 0.181818182 667 438
9920 100000.0 667 14
9930 19.8 667 67
9940 1001.0 671 131
9950 330972.0 672 25
9960 1922.0 673 3
9970 1922.0 674 3
9980 5.377468123 675 676
9990 3.8e-08 669 345
10000 3.52e-08 677 312
10010 100000.0 672 14
10020 110.0 678 340
10030 6e-10 621 199
10040 3.0 679 268
10050 81.1 680 39
10060 300.0 680 160
10070 500.0 680 681
10080 3000.0 682 127
10090 20.0 683 1
10100 81.1 682 39
10110 20.0 684 1
10120 9.99e-10 685 186
10130 330972.0 680 25
10140 1101.0 680 131
10150 9.99e-10 686 186
10160 20.0 687 1
10170 4.3e-05 688 128
10180 330972.0 689 25
10190 9.99e-10 690 186
10200 0.012000768 689 7
10210 6e-09 691 19
10220 1000.0 692 36
10230 1001.0 693 131
10240 1001.0 689 131
10250 9.99e-10 694 186
10260 1000.0 692 331
10270 300000.0 695 61
10280 330972.0 696 25
10290 777.0 697 59
10300 100000.0 674 14
10310 500.0 692 9
10320 1.0 696 16
10330 0.181818182 698 438
10340 0.333 699 530
10350 147.0588235 692 700
10360 0.15 699 194
10370 25.0 414 701
10380 7.68e-07 702 7
10390 25.0 414 703
10400 0.07 704 306
10410 1.87e-05 705 336
10420 100000.0 692 614
10430 0.10965 704 152
10440 6.82e-05 706 707
10450 300000.0 708 61
10460 1500001.0 692 192
10470 159883.0 689 123
10480 500000.0 692 52
10490 1.28e-06 709 624
10500 0.012000768 710 7
10510 10000000.0 689 74
10520 2553.0 698 59
10530 0.22046586 709 39
10540 80.0 711 79
10550 0.0275 712 38
10560 173.0 713 16
10570 777.0 711 59
10580 81.1 712 39
10590 3187.6574 714 32
10600 6000.0 714 44
10610 1.0 715 16
10620 1500000.0 716 46
10630 6526.0 717 17
10640 1000.0 715 36
10650 330972.0 718 25
10660 0.8858 719 363
10670 6735.0 717 720
10680 100000.0 715 14
10690 2.4e-14 706 721
10700 100000.0 722 14
10710 23000000.0 717 108
10720 80.0 712 79
10730 0.11 723 242
10740 0.15 724 292
10750 0.1 724 725
10760 25000.0 726 124
10770 0.1 727 130
10780 1922.0 728 3
10790 0.024001536 729 7
10800 12703.0 730 195
10810 100000.0 731 14
10820 500000.0 732 52
10830 1922.0 731 3
10840 25000.0 733 124
10850 300000.0 734 61
10860 5.77e-07 735 152
10870 5.55e-05 736 206
10880 4e-09 737 76
10890 10000000.0 679 738
10900 12.0 739 110
10910 3e-06 736 128
10920 0.094 722 330
10930 200.0 722 207
10940 3.34e-18 740 741
10950 3000.0 722 127
10960 4.6e-10 742 469
10970 0.1 722 28
10980 1922.0 743 3
10990 100000.0 722 614
11000 25000.0 744 124
11010 173.0 745 16
11020 100000.0 745 30
11030 10.42069 722 250
11040 100000.0 746 14
11050 14.05 722 747
11060 0.02 748 242
11070 0.1 749 149
11080 8928.0 692 188
11090 500.0 722 465
11100 1.40857552 735 750
11110 20.0 751 1
11120 0.08 722 752
11130 20.0 753 1
11140 100000.0 754 14
11150 250.0 722 9
11160 20.0 755 1
11170 20.0 756 1
11180 150000.0 757 122
11190 8928.0 722 188
11200 20.0 758 1
11210 50.0 759 509
11220 5000.0 722 760
11230 20.0 761 1
11240 1000.0 762 228
11250 2.64e-05 763 144
11260 100.0 722 125
11270 100000.0 745 14
11280 0.094 536 330
11290 20.0 764 1
11300 500.0 536 160
11310 5.12e-05 759 765
11320 20.0 766 1
11330 0.5 759 767
11340 20.0 768 1
11350 20.0 769 1
11360 7.618 435 318
11370 81.1 769 39
11380 20.0 770 1
11390 1922.0 771 3
11400 2e-06 772 773
11410 20.0 774 1
11420 1665.0 435 59
11430 0.005 759 775
11440 2.6e-07 776 777
11450 81.1 778 39
11460 172.0 779 16
11470 1500001.0 722 192
11480 20.0 778 1
11490 0.1 435 28
11500 10000000.0 780 74
11510 139688.2159 722 19
11520 81.1 781 39
11530 20.0 781 1
11540 4.55e-05 782 312
11550 500000.0 722 52
11560 11011.0 783 131
11570 100000.0 722 30
11580 81.1 784 39
11590 112043.8423 722 199
11600 20.0 784 1
11610 100421.6788 722 50
11620 9878.0 722 135
11630 1.0 785 16
11640 81.1 786 39
11650 1.178 787 263
11660 20.0 786 1
11670 100000.0 788 14
11680 12703.0 722 195
11690 575.0 789 58
11700 0.014 790 344
11710 0.012000768 791 7
11720 1001.0 785 131
11730 90021.0 787 303
11740 81.1 792 39
11750 20.0 793 1
11760 20.0 792 1
11770 25000.0 794 124
11780 80.0 795 79
11790 0.02 795 796
11800 5.36e-05 797 250
11810 100000.0 798 14
11820 3000.0 787 127
11830 0.01 799 242
11840 1922.0 800 3
11850 20.0 801 1
11860 9.4e-12 802 86
11870 0.1 787 28
11880 0.012000768 803 7
11890 100000.0 799 30
11900 777.0 804 59
11910 250.0 805 9
11920 81.1 806 39
11930 173.0 807 16
11940 1001.0 807 131
11950 4.1e-14 808 344
11960 81.1 809 39
11970 100000.0 810 14
11980 1.0 811 16
11990 81.1 812 39
12000 20.0 813 1
12010 20.0 814 1
12020 100.0 815 119
12030 12703.0 816 195
12040 300000.0 809 61
12050 420.0 806 390
12060 1000.0 817 36
12070 6.56e-07 538 128
12080 10000000.0 809 74
12090 10000000.0 812 74
12100 100000.0 806 30
12110 6.41e-05 818 819
12120 5.42e-06 538 233
12130 777.0 820 59
12140 0.05 817 264
12150 2102.0 817 131
12160 0.012000768 821 7
12170 0.02 813 822
12180 172.0 821 16
12190 2000.0 823 824
12200 12703.0 821 195
12210 1001.0 823 131
12220 100000.0 809 30
12230 75.0 823 58
12240 100000.0 812 30
12250 100000.0 825 14
12260 0.012000768 823 7
12270 300000.0 821 61
12280 777.0 826 59
12290 3000.0 823 127
12300 825000.0 827 375
12310 0.012000768 828 7
12320 81.1 829 39
12330 100000.0 121 830
12340 81.1 831 39
12350 330972.0 809 25
12360 10000000.0 831 74
12370 1000.0 832 36
12380 330972.0 812 25
12390 25000.0 833 124
12400 9e-05 834 250
12410 12703.0 828 195
12420 231140487.2 835 219
12430 81.1 836 39
12440 300000.0 828 61
12450 0.25 826 641
12460 2.7473 835 837
12470 50.0 835 838
12480 650.0 817 171
12490 300.0 832 839
12500 150000.0 840 841
12510 100000.0 831 30
12520 81.1 842 39
12530 4.9e-15 826 94
12540 1001.0 843 131
12550 100000.0 715 30
12560 81.1 538 39
12570 0.00609 844 219
12580 0.05 845 146
12590 1.2e-05 846 50
12600 1001.0 715 131
12610 250.0 826 125
12620 0.012000768 847 7
12630 81.1 848 39
12640 150000.0 849 122
12650 11.453 813 850
12660 71000.0 826 50
12670 4414235.506 851 313
12680 172.0 847 16
12690 1001.0 849 131
12700 100000.0 852 30
12710 100000.0 812 14
12720 100000.0 809 14
12730 6.2e-07 853 199
12740 81.1 854 39
12750 0.02 855 796
12760 12703.0 847 195
12770 3000.0 790 127
12780 81.1 856 39
12790 420.0 855 390
12800 300000.0 847 61
12810 81.1 857 39
12820 330972.0 832 25
12830 4500004.0 855 192
12840 81.1 858 39
12850 0.5 813 600
12860 20.0 859 1
12870 100000.0 860 14
12880 7.618 847 318
12890 10000.0 861 304
12900 777.0 860 59
12910 80.0 862 96
12920 0.08 863 42
12930 1000.0 863 331
12940 0.02 863 522
12950 0.012000768 864 7
12960 0.094 581 330
12970 81.1 863 39
12980 1922.0 865 3
12990 1.0 864 29
13000 1500001.0 866 192
13010 50000.0 867 868
13020 24088887.0 869 313
13030 560.0 867 870
13040 0.14546329 860 62
13050 1589000.0 871 281
13060 5.78e-09 872 94
13070 12703.0 864 195
13080 500.0 867 465
13090 47.61904462 860 122
13100 111000.0 866 415
13110 300000.0 864 61
13120 0.094 861 330
13130 27.18861839 860 777
13140 6.6e-14 873 312
13150 6.03e-06 874 44
13160 173.0 875 16
13170 501000.0 866 876
13180 120.0 877 1
13190 100000.0 878 14
13200 250.0 832 9
13210 0.012000768 879 7
13220 0.00032462 880 91
13230 0.08 832 752
13240 172.0 879 16
13250 0.000999001 881 186
13260 8.96e-05 882 883
13270 0.01 866 884
13280 31847133.75 885 886
13290 2000.0 832 179
13300 0.04 887 796
13310 500.0 888 119
13320 7336900.0 866 281
13330 0.2 619 77
13340 12703.0 879 195
13350 300000.0 889 61
13360 12703.0 832 195
13370 300000.0 879 61
13380 81.1 887 39
13390 3900.0 832 54
13400 500.0 138 119
13410 50000.0 866 346
13420 500.0 832 890
13430 1000.0 575 228
13440 0.452800061 885 891
13450 25.5 892 654
13460 5.0 832 221
13470 777.0 885 59
13480 0.012000768 893 7
13490 10000.0 894 841
13500 9878.0 895 135
13510 650.0 832 171
13520 8928.0 866 188
13530 1.95 892 194
13540 0.05 575 146
13550 10000.0 866 304
13560 8e-07 896 290
13570 1e-05 896 897
13580 12703.0 893 195
13590 5.8e-14 896 741
13600 1300.752534 898 171
13610 100.0 899 119
13620 81.1 900 39
13630 10000.0 901 841
13640 10.0 902 221
13650 12703.0 899 195
13660 300000.0 893 61
13670 500000.0 866 52
13680 45.0 832 903
13690 1.0 904 16
13700 173.0 905 16
13710 40.0 866 56
13720 5e-05 896 576
13730 218.343783 832 319
13740 0.012000768 906 7
13750 250.0 832 125
13760 172.0 906 16
13770 100000.0 866 614
13780 1120.0 517 390
13790 12703.0 906 195
13800 0.25 832 180
13810 5.0 866 197
13820 10000.0 907 841
13830 300000.0 906 61
13840 102.5 832 908
13850 76769537.0 832 909
13860 14000.0 832 599
13870 7.618 910 318
13880 12703.0 911 195
13890 33333.333 832 912
13900 1922.0 913 3
13910 500.0 911 119
13920 139688.2159 832 19
13930 10000.0 914 841
13940 0.15 915 194
13950 10000.0 916 841
13960 13878.0 866 135
13970 100000.0 917 14
13980 1436211.0 866 313
13990 300000.0 832 61
14000 9e-05 918 250
14010 0.1 915 104
14020 10000.0 919 841
14030 210.0 866 340
14040 100000.0 832 30
14050 0.012000768 866 7
14060 10000.0 920 841
14070 112043.8423 832 199
14080 100421.6788 832 50
14090 10000.0 921 841
14100 20.0 922 1
14110 115.0 832 58
14120 10000.0 923 841
14130 5.0 832 197
14140 45.0 924 1
14150 165.0 925 469
14160 7678.0 832 135
14170 777.0 926 59
14180 1001.0 927 131
14190 9.17e-05 896 883
14200 10000.0 928 841
14210 7.68e-07 918 7
14220 1e-06 896 186
14230 9.97e-06 929 204
14240 10000.0 930 841
14250 100000.0 860 30
14260 5000000.0 832 63
14270 20.0 931 1
14280 3000.0 896 127
14290 0.4938 932 312
14300 10000.0 933 841
14310 0.00645 896 152
14320 1001.0 832 131
14330 0.8 896 91
14340 0.01210942 860 103
14350 7.618 832 318
14360 325000.0 895 313
14370 10000.0 934 841
14380 0.181818182 935 438
14390 10000.0 936 841
14400 0.012000768 937 7
14410 20.0 936 1
14420 81.1 860 39
14430 10000.0 938 841
14440 500.0 896 9
14450 0.053 939 338
14460 20.0 940 1
14470 0.0004 896 114
14480 100000.0 935 30
14490 10000.0 941 841
14500 3000.0 939 127
14510 1000.0 942 179
14520 115.0 896 58
14530 330972.0 939 25
14540 9.92e-05 939 94
14550 172.0 937 16
14560 777.0 939 59
14570 115.0 939 58
14580 12703.0 937 195
14590 2.0 943 29
14600 80.0 939 79
14610 100000.0 944 30
14620 300000.0 937 61
14630 81.1 939 39
14640 0.00645 939 152
14650 1000.0 939 36
14660 10000.0 945 841
14670 0.012000768 946 7
14680 9e-09 947 186
14690 1001.0 948 131
14700 81.1 949 39
14710 330972.0 949 25
14720 100000.0 950 14
14730 0.181818182 951 438
14740 4.2e-10 952 103
14750 81.1 948 39
14760 0.000129498 953 144
14770 5000000.0 951 63
14780 3.15 954 627
14790 100000.0 955 30
14800 81.1 956 39
14810 330972.0 956 25
14820 0.02 955 796
14830 1.0 957 225
14840 81.1 955 39
14850 3.98e-08 958 268
14860 159883.0 955 123
14870 500.0 959 9
14880 0.01 960 242
14890 6.82e-05 961 306
14900 2.06e-05 962 535
14910 172.0 946 16
14920 81.1 963 39
14930 100000.0 959 14
14940 0.00645 925 152
14950 1000.0 964 965
14960 12703.0 946 195
14970 330972.0 963 25
14980 111000.0 964 415
14990 300000.0 946 61
15000 20.0 961 1
15010 100000.0 961 14
15020 80.0 966 79
15030 1.0 964 307
15040 81.1 967 39
15050 11489688.0 442 313
15060 5000.0 964 303
15070 0.014 968 344
15080 0.1 969 104
15090 1000.0 925 36
15100 1150893.794 964 876
15110 0.208 968 542
15120 330972.0 967 25
15130 0.012000768 970 7
15140 81.1 925 39
15150 300000.0 544 61
15160 20.0 971 1
15170 7.81e-05 972 199
15180 81.1 973 39
15190 11396.0 968 819
15200 3000.0 974 127
15210 0.01 964 884
15220 0.4 975 77
15230 0.004 976 76
15240 172.0 970 16
15250 9878.0 977 135
15260 12703.0 970 195
15270 7.94e-05 978 91
15280 0.1 964 104
15290 100000.0 979 14
15300 81.1 980 39
15310 20.0 981 1
15320 330972.0 980 25
15330 330972.0 982 25
15340 1001.0 982 131
15350 300000.0 970 61
15360 2.7e-06 983 173
15370 50000.0 964 346
15380 300000.0 984 61
15390 0.012000768 985 7
15400 0.144 964 330
15410 330972.0 986 25
15420 8928.0 964 188
15430 81.1 987 39
15440 0.15 895 194
15450 172.0 985 16
15460 10000.0 964 304
15470 1922.0 988 3
15480 12703.0 985 195
15490 300000.0 985 61
15500 5.0 964 221
15510 3300000.0 457 5
15520 20.0 989 1
15530 500.0 988 160
15540 9.28e-05 990 58
15550 0.000999001 991 186
15560 3000000.0 457 108
15570 330972.0 992 25
15580 0.012000768 993 7
15590 1001.0 992 131
15600 0.05 964 42
15610 9e-12 994 21
15620 172.0 993 16
15630 1e-05 995 996
15640 1e-06 995 128
15650 330972.0 997 25
15660 0.0001 995 998
15670 1e-06 999 423
15680 1001.0 997 131
15690 1e-06 995 423
15700 0.0666 964 632
15710 173.0 1000 16
15720 9.05e-05 995 206
15730 1001.0 1000 131
15740 1101.0 457 131
15750 1e-06 999 128
15760 12703.0 993 195
15770 30.0 1001 1
15780 500000.0 964 52
15790 3300000.0 459 5
15800 330972.0 1002 25
15810 1001.0 1002 131
15820 250.0 1003 9
15830 172.0 1002 16
15840 1101.0 459 131
15850 200.0 988 618
15860 4e-09 1004 199
15870 6e-10 1005 199
15880 300000.0 993 61
15890 250.0 1006 9
15900 1436111.0 988 313
15910 3.97e-05 1007 91
15920 172.0 1008 16
15930 777.0 1009 59
15940 20.0 1010 1
15950 330972.0 1008 25
15960 8e-09 1011 7
15970 3.0 362 268
15980 1.5e-05 988 285
15990 0.012000768 1012 7
16000 650000.0 1013 124
16010 1001.0 1008 131
16020 1.5e-06 818 96
16030 1000000.006 1014 219
16040 40.0 964 56
16050 1200.0 1015 171
16060 9.99e-10 1016 186
16070 5.0 964 197
16080 100000.0 964 614
16090 172.0 1012 16
16100 1500001.0 964 192
16110 0.01 964 212
16120 0.4 1017 77
16130 12703.0 1012 195
16140 5e-05 978 152
16150 9.92e-05 1018 94
16160 10.0 964 598
16170 300000.0 1012 61
16180 8e-09 1019 7
16190 2.16e-05 978 50
16200 19.8 1020 67
16210 3300000.0 1021 5
16220 0.012000768 1022 7
16230 500.0 1020 9
16240 2.0 1021 110
16250 159883.0 536 123
16260 400.0 1023 313
16270 1.05 1020 1024
16280 1.0 645 16
16290 7000.0 536 1025
16300 7.618 1020 318
16310 2.0 536 110
16320 1001.0 1026 131
16330 80.0 1027 96
16340 0.01 1028 242
16350 20.0 1029 1
16360 0.3089 1022 263
16370 12703.0 1030 195
16380 9e-05 978 250
16390 2001.5 1031 69
16400 1683.0 1032 62
16410 100000.0 1032 14
16420 2.0 1033 110
16430 0.053 1018 338
16440 3000.0 1030 127
16450 777.0 1005 59
16460 1000.0 106 36
16470 9878.0 1031 135
16480 9.47e-05 1034 430
16490 9.53e-06 1035 204
16500 1.83e-05 1036 171
16510 1436211.0 1031 313
16520 0.0123 1018 98
16530 110.0 1031 340
16540 3000.0 1037 127
16550 55001.0 900 171
16560 4e-09 1038 7
16570 3.1e-05 1039 634
16580 1000.0 1040 331
16590 10000.0 1037 304
16600 8.1e-05 1041 634
16610 12703.0 1042 195
16620 1001.0 1040 131
16630 6.27e-06 1043 345
16640 250.0 1037 9
16650 100000.0 1037 614
16660 1.28e-09 1044 133
16670 80.0 1045 1
16680 81.1 1046 39
16690 1.75e-07 1038 535
16700 1.29e-10 1041 1047
16710 1.89e-11 1038 204
16720 8.14e-08 1048 312
16730 1.0 1049 16
16740 2400000.0 1050 219
16750 12703.0 1051 195
16760 0.15 1052 194
16770 0.01 1053 242
16780 1.1e-09 1054 103
16790 0.1 1055 264
16800 0.012000768 1049 7
16810 1.39e-09 1048 293
16820 9.14e-05 1056 700
16830 81.1 1057 39
16840 173.0 1058 16
16850 3000.0 1057 127
16860 9.92e-05 1059 94
16870 7e-09 1060 171
16880 100000.0 964 14
16890 1001.0 1058 131
16900 0.1 964 1061
16910 81.1 1062 39
16920 5000.0 964 1063
16930 1.52e-05 1059 50
16940 99.0 1064 67
16950 2.0 575 110
16960 0.094 1065 330
16970 8.3e-05 1066 319
16980 11.0 575 149
16990 20.0 1065 107
17000 4.77e-05 1067 641
17010 40000.0 517 1068
17020 100000.0 615 14
17030 7.89e-05 575 1069
17040 173.0 1070 16
17050 0.1 1071 104
17060 1001.0 1070 131
17070 1.0 1072 16
17080 0.012000768 1073 7
17090 0.05 1074 42
17100 0.1 1074 130
17110 4.75e-05 1075 268
17120 0.46339005 1076 830
17130 173.0 1077 16
17140 0.00182645 1076 218
17150 1001.0 1077 131
17160 250.0 1073 9
17170 66.66 1078 22
17180 172.0 1079 16
17190 0.25 964 333
17200 4.87e-05 1075 290
17210 6.01e-09 1080 186
17220 10000000.0 1075 183
17230 690.0 1075 1081
17240 3.1e-05 1075 634
17250 1347001.0 1049 1082
17260 6e-10 1083 199
17270 8928.0 1075 188
17280 173.0 1084 16
17290 4.98e-07 392 50
17300 10000000.0 1085 74
17310 1001.0 1084 131
17320 159883.0 1049 123
17330 2.0 517 317
17340 4.7e-07 462 837
17350 100000.0 1086 30
17360 1.0 1064 16
17370 20.0 1086 1
17380 0.01 150 212
17390 3.62e-05 1087 21
17400 9.7e-07 1088 19
17410 3000.0 517 127
17420 4.5e-07 1088 199
17430 5.5e-08 1089 19
17440 8928.0 1064 188
17450 6.5 1090 767
17460 100000.0 1091 14
17470 4e-09 1092 76
17480 0.739037718 1093 750
17490 25000.0 1090 124
17500 0.66161023 1094 266
17510 100000.0 1095 14
17520 0.00645 1096 152
17530 0.05 1093 42
17540 250.0 1097 9
17550 13878.0 964 135
17560 500.0 1097 160
17570 1436211.0 964 313
17580 110.0 964 340
17590 992916.0 1098 25
17600 173.0 1097 16
17610 500.0 1099 119
17620 0.01 1100 176
17630 6.83e-09 1080 312
17640 330972.0 1085 25
17650 25000.0 1101 124
17660 9900000.0 1098 5
17670 9e-05 1102 250
17680 0.6 1103 39
17690 0.012000768 1097 7
17700 3.49e-05 1104 171
17710 3.3e-05 1105 32
17720 81.1 1097 39
17730 1922.0 1106 3
17740 3.7e-14 1107 644
17750 1000.0 1108 129
17760 80.0 1109 79
17770 100000.0 1085 14
17780 80.0 1106 1110
17790 100.0 1111 110
17800 1000.0 1037 36
17810 100000.0 1112 30
17820 8e-06 1113 423
17830 173.0 1114 16
17840 0.6 1115 1116
17850 8e-06 1113 128
17860 0.1 1115 39
17870 81.1 1117 39
17880 5890.0 1031 1118
17890 0.012000768 1119 7
17900 12703.0 1037 195
17910 100.0 1037 119
17920 89.0 1037 1120
17930 6012.144531 1121 634
17940 0.094 1122 330
17950 7.1e-14 1037 484
17960 7336900.0 1031 281
17970 10000.0 1122 304
17980 2.35 1123 429
17990 0.1 1122 104
18000 20.5 1122 654
18010 111000.0 1031 415
18020 3045.0 1122 903
18030 20754000.0 1123 122
18040 7678.0 1124 135
18050 20.0 1125 1
18060 25.0 1126 654
18070 5.0 1122 197
18080 8928.0 1124 188
18090 3.4e-14 1127 312
18100 7336900.0 1122 281
18110 20.0 1126 221
18120 2.65e-14 1128 449
18130 777.0 1129 59
18140 10000000.0 1126 1130
18150 4.83e-05 1131 50
18160 2.0 1129 317
18170 500000.0 1037 52
18180 1.0 1129 77
18190 300000.0 1037 61
18200 6e-10 1037 199
18210 0.012000768 1132 7
18220 7.7e-08 1037 627
18230 0.053 1133 338
18240 0.1 1129 104
18250 81.1 1133 39
18260 3000.0 1133 127
18270 3.1e-05 165 634
18280 1922.0 1133 3
18290 71000.0 1134 50
18300 1.75e-06 165 199
18310 6.49e-05 165 50
18320 3300000.0 1133 5
18330 5.12e-05 1135 268
18340 0.11 1133 242
18350 80.0 1136 79
18360 825000.0 1133 375
18370 1.58e-06 1137 50
18380 1001.0 1133 131
18390 2700.0 1129 160
18400 1e-08 1138 312
18410 300.0 1133 160
18420 0.396 1129 330
18430 6.3e-09 1139 148
18440 3.0 1140 268
18450 4500000.0 1129 52
18460 56543.2574 1141 59
18470 1.0 1122 1142
18480 173.0 1143 16
18490 2.0 1122 317
18500 0.04 1122 42
18510 900000.0 1129 30
18520 1436211.0 1122 313
18530 50.0 1122 509
18540 1000.0 1144 36
18550 1.174667333 1145 186
18560 0.01 1129 212
18570 0.012000768 1145 7
18580 44640.0 1129 188
18590 3.65e-05 1146 32
18600 1665.0 1147 59
18610 0.0027 1145 1148
18620 0.019 1129 82
18630 20.0 1149 1
18640 1101.0 1150 131
18650 0.005 1145 65
18660 7.618 1145 318
18670 80.0 1145 79
18680 8.0 1151 876
18690 7.68e-07 1152 7
18700 0.01 1145 306
18710 5.15e-05 1152 199
18720 1.6e-06 1153 750
18730 0.05 1145 133
18740 0.208 1145 542
18750 0.000273201 1154 128
18760 173.0 1155 16
18770 600.0 1156 119
18780 0.5 1157 79
18790 81.1 1145 39
18800 80.5 1147 79
18810 0.542311787 1158 676
18820 0.015 1145 238
18830 20.0 1093 107
18840 2400000.0 1159 219
18850 10.42069 1145 250
18860 1001.0 1159 131
18870 20.0 1145 48
18880 0.018 1145 82
18890 10003.68 1160 773
18900 0.00645 1145 152
18910 9.57e-05 1161 108
18920 0.077799216 1145 94
18930 1001.0 1162 131
18940 173.0 1160 16
18950 0.542311787 1163 676
18960 0.01 1145 84
18970 100000.0 1160 614
18980 0.0123 1145 98
18990 0.08 1145 258
19000 550000.0 1164 61
19010 0.0275 1145 38
19020 5.8e-15 1107 137
19030 0.015 1145 1165
19040 3.86e-05 1166 389
19050 25000.0 1167 124
19060 0.053 1145 338
19070 3165.0 1093 59
19080 0.542311787 1168 676
19090 12703.0 1169 195
19100 650.0 1160 171
19110 500.0 1170 160
19120 1922.0 1171 3
19130 65777.0 1172 59
19140 500000.0 60 52
19150 0.542311787 1170 676
19160 100000.0 1173 14
19170 200000.0 1174 30
19180 20.0 1175 1
19190 20.0 1176 1
19200 11.0 1177 149
19210 100000.0 1178 14
19220 4.9e-15 1179 94
19230 173.0 1180 16
19240 100000.0 1178 30
19250 825000.0 1177 375
19260 100000.0 1181 14
19270 4025000.0 1182 375
19280 100000.0 1181 30
19290 100000.0 1183 14
19300 1250.0 1183 171
19310 5.64e-05 1184 173
19320 4e-07 1185 100
19330 100000.0 1183 30
19340 1.7e-05 1056 304
19350 100000.0 1186 14
19360 100000.0 1186 30
19370 13878.0 1187 135
19380 100000.0 1188 14
19390 100000.0 1188 30
19400 10000000.0 1140 1189
19410 7.618 1190 318
19420 20.0 1191 1
19430 100000.0 1192 14
19440 10.42069 1190 250
19450 110.0 1187 340
19460 100000.0 1192 30
19470 3300000.0 1193 5
19480 100000.0 1194 14
19490 100000.0 1194 30
19500 81.1 1195 39
19510 100000.0 1196 14
19520 100000.0 1196 30
19530 20.0 1197 1
19540 3.4e-09 1198 449
19550 1.2e-09 1198 1199
19560 8928.0 861 188
19570 3.0 1200 268
19580 7.68e-07 1201 7
19590 20.0 1202 1
19600 20.0 1203 1
19610 7e-05 1198 747
19620 20.0 1204 1
19630 4.86e-09 1205 484
19640 500.0 1206 160
19650 0.542311787 1206 676
19660 500.0 1207 160
19670 0.012000768 1208 7
19680 100000.0 417 614
19690 12703.0 417 195
19700 825000.0 417 375
19710 8928.0 417 188
19720 500.0 1209 160
19730 103.8354397 1210 91
19740 484.2 1210 477
19750 0.15 1210 194
19760 10000.0 1202 841
19770 88857.0 1210 224
19780 81.1 1211 39
19790 10000.0 1203 841
19800 3.97e-05 392 91
19810 0.8089 1212 263
19820 6012.144531 1210 634
19830 50000.0 1210 1213
19840 0.0012 1212 1214
19850 250000.0 1210 707
19860 10000.0 1204 841
19870 1000000.0 1210 837
19880 3.46e-05 1215 50
19890 7.94e-05 1216 91
19900 9e-05 1216 219
19910 825000.0 1217 375
19920 777.0 1218 59
19930 0.2 1219 28
19940 0.04 1220 796
19950 8.86e-05 1219 1221
19960 0.25 1220 169
19970 2.7e-14 1222 344
19980 50.0 1223 509
19990 8.1e-05 1001 638
20000 4.9e-15 1224 94
20010 6.62e-05 1225 127
20020 7.43e-06 1225 44
20030 80.0 1226 79
20040 200000.0 1208 202
20050 19.8 1208 67
20060 10000000.0 1200 1227
20070 9.92e-05 1228 94
20080 3.97e-05 1229 91
20090 1.0 1208 16
20100 3.6e-09 1230 122
20110 20.0 1231 1
20120 0.1 1208 130
20130 10000000.0 417 183
20140 10000.0 1208 304
20150 6e-09 1232 19
20160 1000.0 1208 36
20170 2.3e-07 1233 266
20180 0.019 1234 82
20190 1000.0 1208 331
20200 0.25 1208 333
20210 20.0 1235 1
20220 10000000.0 1208 183
20230 2.4e-13 1232 163
20240 3.68e-05 1235 171
20250 500.0 1208 9
20260 1922.0 1236 3
20270 20.0 1237 1
20280 110.0 1208 340
20290 8928.0 1208 188
20300 4000.0 1238 563
20310 40.0 1208 56
20320 0.3 1208 1239
20330 6754.0 1208 345
20340 1500001.0 1208 192
20350 6021.0 1240 303
20360 0.05 1208 348
20370 100000.0 1208 30
20380 330972.0 1241 25
20390 330972.0 1242 25
20400 100000.0 1242 14
20410 3300000.0 1242 5
20420 1101.0 1208 131
20430 825000.0 1242 375
20440 81.1 1243 39
20450 18000.0 1244 160
20460 7.0 1244 149
20470 3000.0 1245 44
20480 6.4e-09 1246 103
20490 4.34e-05 972 171
20500 8.78e-05 1247 268
20510 4.9e-15 1232 94
20520 1.8e-05 1248 1249
20530 4.1e-05 1248 355
20540 4.92e-07 1250 199
20550 2.7e-10 1251 148
20560 5.98e-05 1250 173
20570 8.09e-05 1250 144
20580 10000000.0 85 156
20590 475000.0 85 1252
20600 2644226.861 85 50
20610 8.7e-11 1253 171
20620 1119.0 1254 62
20630 9.92e-05 972 94
20640 5.9e-12 1255 21
20650 4.1e-14 72 1256
20660 1001.0 1257 131
20670 4004.0 1258 131
20680 4.68e-07 1259 100
20690 39.6 1260 67
20700 0.5 1261 767
20710 0.077799216 1254 94
20720 4.98e-07 1246 50
20730 10000000.0 1140 1262
20740 0.6 1263 1116
20750 1.58e-08 1246 94
20760 0.05 1260 429
20770 600.0 1260 839
20780 1000.0 1260 183
20790 1.57e-09 1263 94
20800 1150000.0 1263 375
20810 0.053 1264 338
20820 0.2 1093 300
20830 17878.0 1260 135
20840 173.0 1264 16
20850 6.41e-05 1265 148
20860 240.5 1263 79
20870 0.00645 1264 152
20880 330972.0 1266 25
20890 800000.0 1260 52
20900 350002.0 1260 1267
20910 20.0 1268 1
20920 0.0666 1260 632
