434740.0 180.8075 558 557
443000.0 43.3938 558 557
443100.0 21.6969 558 557
444090.0 21.6969 558 557
444150.0 21.6969 558 557
444190.0 14.4646 558 557
444580.0 14.4646 558 557
445070.0 7.2323 558 557
445380.0 11.57168 558 557
445820.0 43.3938 558 557
445920.0 43.3938 558 557
446080.0 57.8584 558 557
447090.0 65.0907 558 557
447120.0 65.0907 558 557
447160.0 7.2323 558 557
447570.0 28.9292 558 557
448960.0 28.9292 558 557
449000.0 28.9292 558 557
460260.0 0.77 129 52
602250.0 28.9292 558 557
602520.0 28.9292 558 557
602670.0 2.16969 558 557
611070.0 94.74313 558 557
622120.0 21.6969 558 557
691090.0 1.44646 561 557
692460.0 7.2323 561 557
696040.0 14.4646 561 557
696340.0 0.72323 561 557
859750.0 723.23 204 22
1115850.0 180.8075 4 36
1281750.0 72.323 4 586
1291750.0 289.292 4 586
1557890.0 24.8 993 586
1685120.0 1.1 176 175
1891420.0 1.1 176 175
1892050.0 7.2323 176 175
2040190.0 0.11 175 176
2040250.0 2.529999989 175 176
2041440.0 0.0154 324 52
2545520.0 169.4 129 110
2550170.0 7232.3 4 110
2615340.0 73.0 1074 349
2615500.0 7227.0 1074 349
2616830.0 723230.0 1074 349
2635980.0 14464.6 4 31
2652600.0 1446.46 1079 1078
2732190.0 2169.69 1079 1078
3173170.0 7.2323 43 3
3349900.0 41235.058885 4 110
3413370.0 0.616 129 52
3413690.0 0.3927 129 52
3483230.0 361615.0 9 1021
3578330.0 11000.0 9 1021
3578350.0 12400.0 9 1021
3578360.0 7700.0 9 1021
3578390.0 9600.0 9 1021
3664790.0 50626.1 9 1021
3683110.0 5.5 440 16
3684030.0 5.5 16 440
3711420.0 43393.8 9 1021
3879440.0 74.0 3 43
3879810.0 1588.16603389 3 43
4018420.0 723.23 4 801
4062440.0 0.0154 324 52
4128790.0 0.011 15826 160
4129040.0 0.011 160 15826
4141970.0 16.5 160 15826
4227700.0 144646.0 9 1021
4227710.0 550.0 9 1021
4548800.0 144646.0 9 1021
4578580.0 723.23 4 36
4580860.0 243.2 15896 1235
4602150.0 72.323 4 660
4605390.0 49902.87 469 15810
4641500.0 108.4845 491 1523
4661820.0 137.059999989 15826 160
4710090.0 723.23 16374 1255
4720820.0 72.323 4 478
4727270.0 361.615 4 478
4736840.0 3616.15 9 1034
4736890.0 216.969 9 1239
4736920.0 361.615 9 478
4737390.0 361.615 4 478
4740870.0 7.2323 15776 659
4740980.0 7.2323 15776 659
4741050.0 7.2323 15776 659
4742320.0 28.9292 15776 659
4745030.0 28.9292 15776 659
4774840.0 50.6261 1414 492
4776370.0 36.1615 492 16355
4788690.0 2.89292 15776 659
4788730.0 72.323 15776 659
4788740.0 650.907 15776 659
4797500.0 72.323 15776 659
4797550.0 72.323 15776 659
4797560.0 7.2323 15776 659
4797590.0 7.2323 15776 659
4797650.0 7.2323 15776 659
4797680.0 7.2323 15776 659
4815360.0 72.323 4 659
4835110.0 0.00154 324 52
4839260.0 464.553599988 993 586
4839310.0 146.94 993 586
4839930.0 0.011 993 586
4892470.0 0.011 250 43
4927590.0 243.2 1235 15896
4937450.0 72.323 4 809
4948670.0 561.22648 4 660
4948720.0 723.23 4 660
4972100.0 706.957325 1255 16374
5059900.0 22.0 245 15862
5060050.0 11.0 15862 245
5072230.0 72.323 245 15862
5176080.0 72.323 4 809
5364210.0 173575.2 9 1021
5364240.0 297.6 9 1021
5364280.0 192.5 9 1021
5367460.0 3.7 417 66
5455670.0 32.98 28 1288
5456820.0 6.596 28 1288
5637170.0 1.94 28 1288
5701530.0 24.8 993 586
5769410.0 253.1305 4 36
5839060.0 0.72323 15776 659
5839260.0 0.072323 15776 659
5859140.0 37.0 417 29
5872610.0 7.2323 478 1226
5872820.0 7.2323 1226 478
5917600.0 1.1 185 16
5935990.0 0.072323 15776 659
5936590.0 0.72323 15776 659
5938710.0 150.0 16358 574
5940280.0 72323.0 16358 574
5940360.0 750.0 16358 574
5976460.0 1.1 575 576
5979050.0 7500.0 16358 574
6066510.0 7.76 278 36
6090490.0 9.6 575 576
6136140.0 361615.0 9 1021
6300490.0 144646.0 9 1021
6300530.0 385.0 9 1021
6444831.0 308.0 129 588
6473610.0 253.1305 28 1288
6500420.0 462.0 129 588
6515970.0 723.23 4 36
6613920.0 361615.0 9 1021
6613970.0 1650.0 9 1021
6660690.0 72323.0 9 1021
6696810.0 77.0 129 588
6706730.0 38.8 278 36
6713640.0 103.060267768 4 3
6713710.0 5.424225 4 3
6734410.0 2169.69 28 1523
6781280.0 29.7389399923 129 588
6805380.0 7.4276 993 586
6889550.0 132.0 160 15826
6890280.0 723.23 4 817
6938600.0 28.9292 18349 16344
7060820.0 723.23 4 36
7080560.0 72323.0 1371 1342
7080710.0 72323.0 1342 1371
7080810.0 7.2323 1342 1371
7119040.0 27.72 129 588
7119840.0 80.8037999923 129 588
7120480.0 56.6412 129 588
7130920.0 36161.5 9 1021
7137050.0 72.765 129 588
7154130.0 72.323 4 493
7186320.0 940.199 4 36
7206370.0 1655.4538 129 588
7258380.0 0.011 78 17606
7264620.0 247.31139142 4 820
7297180.0 15.4 1129 156
7329050.0 0.74 36 66
7342190.0 0.74 66 36
7363070.0 723.23 823 905
7391880.0 7232.3 28 1243
7449590.0 38.5 129 591
7497440.0 139.58339 36 66
7498960.0 139.58339 66 36
7503971.0 180.8075 4 36
7530070.0 72.323 18461 824
7530210.0 72.323 824 18461
7530270.0 723.23 18461 824
7530290.0 1446.46 824 18461
7530340.0 723.23 18461 824
7531030.0 72.323 824 18461
7531110.0 72.323 18461 824
7550530.0 72.323 4 591
7560580.0 723.23 4 824
7572710.0 37.0 417 29
7575890.0 14.8 29 1410
7580050.0 96.43042559 417 1410
7609100.0 354.3827 4 591
7610210.0 166.3429 4 591
7616950.0 621.9778 4 591
7618000.0 660.30899 4 591
7619080.0 691.40788 4 591
7619570.0 715.9977 4 591
7620230.0 737.6946 4 591
7620760.0 682.3458081 4 591
7622960.0 666.72765625 4 591
7628920.0 0.77 129 591
7640320.0 452.01875 4 591
7653380.0 405.796086481 4 591
7688270.0 72.323 15862 245
7695250.0 3.72 15823 15822
7695770.0 0.62 15822 15823
7696440.0 24.8 15822 15823
7696860.0 24.8 15823 15822
7696980.0 0.496 15822 15823
7698100.0 6.2 1425 15823
7698350.0 1.24 15823 1425
7698950.0 2.48 15822 1425
7699900.0 0.26 18458 1724
7699920.0 0.124 15822 1425
7700600.0 0.0104 1724 18457
7702180.0 0.104 1724 18457
7703870.0 117.8 1425 15823
7703960.0 117.8 15823 1425
7704210.0 2.604 1425 15822
7707730.0 4.96 15821 1425
7711730.0 38.5 129 591
7735500.0 216969.0 9 1021
7735510.0 1001.0 9 1021
7752340.0 3.7 29 66
7753110.0 1.958 18394 18337
7757140.0 21.6969 4 591
7765340.0 5.92 66 417
7777720.0 7.76 278 18380
7860750.0 0.074 43 3
7871160.0 37.0 417 29
7878290.0 0.011 3 43
7892160.0 0.0096 16344 18349
7892350.0 0.0096 18349 16344
7892430.0 9.6E-5 16344 18349
7892770.0 9.6E-7 18349 16344
7892770.0 9.6E-5 16344 18349
7892920.0 9.6E-6 16344 18349
7892920.0 9.6E-7 18349 16344
7893130.0 9.6E-5 16344 18349
7893130.0 1.92E-4 18349 16344
7893180.0 0.00576 16344 18349
7893180.0 9.6E-7 18349 16344
7893220.0 0.00288 16344 18349
7893230.0 0.00576 18349 16344
7928517.710055035 4.44 29 66
7929150.0 8.67876 4 36
7953870.0 308.0 129 591
7960900.0 68.5646051236 4 591
7973920.0 506.261 4 36
7987050.0 0.144646 15776 659
8068280.0 385.0 129 591
8079570.0 361615.0 9 1021
8173340.0 361615.0 9 1021
8210880.0 723230.0 9 1021
8214130.0 723.23 4 69
8232590.0 361.615 4 678
8275250.0 1.958 18337 18394
8287270.0 675.702 28 1523
8288220.0 1.48 29 66
8306710.0 7232.3 28 1523
8313540.0 2892.92 28 1288
8349650.0 723.23 28 1288
8377980.0 2892.92 28 1288
8468460.0 21.78 185 843
8559160.0 5.424225 4 678
8569300.0 65.96 28 1288
8615980.0 1100.0 1624 1631
8618380.0 72323.0 9 1021
8618410.0 770.0 9 1021
8618420.0 1240.0 9 1021
8618430.0 96.0 9 1021
8618450.0 288.0 9 1021
8685850.0 32.906965 4 411
8774470.0 239.316807 4 411
8806000.0 57.8584 66 41
8821850.0 89.68052 4 310
8839090.0 9.6E-6 18349 16344
9045970.0 37.0 417 29
9052730.0 32.039089 28 861
9055430.0 2486.12652872 4 611
9060660.0 7232.3 0 11831
9064240.0 26.0 0 3549
9086130.0 723.23 4 611
9087860.0 715.9977 4 611
9110610.0 723.23 611 1756
9117410.0 361615.0 9 1021
9126960.0 143.92277 28 861
9140820.0 132.0 185 843
9147960.0 108484.5 9 1021
9179060.0 21.6969 28 861
9199090.0 72323.0 24247 24248
9199200.0 150000.0 24247 24248
9219130.0 723.23 13317 66
9222950.0 72.323 0 3549
9255600.0 736.294484578 4 36
9290140.0 115716.8 9 1021
9290170.0 14464.6 9 1021
9291230.0 1446.46 4 669
9308060.0 97.0 28 310
9382830.0 30.3338725144 28 310
9413900.0 231433.6 9 1021
9429990.0 15.18783 28 696
9432910.0 3.3174 28 696
9452460.0 0.72323 0 7856
9452520.0 0.72323 0 7856
9452580.0 0.72323 0 7856
9452640.0 0.72323 0 7856
9452700.0 0.72323 0 7856
9452760.0 0.72323 0 7856
9452820.0 0.72323 0 7856
9452880.0 0.72323 0 7856
9452940.0 0.72323 0 7856
9453000.0 0.72323 0 7856
9453060.0 0.72323 0 7856
9453120.0 0.72323 0 7856
9453180.0 0.72323 0 7856
9453240.0 0.72323 0 7856
9453300.0 0.72323 0 7856
9453420.0 0.72323 0 7856
9471350.0 72.323 15776 659
9548631.0 3900.0 0 11831
9548680.0 14457.3677 0 11831
9552300.0 14457.3676928 0 3549
9552320.0 3900.0 0 3549
9563660.0 723.23 0 5472
9564360.0 709.48863 0 5472
9565630.0 13.74137 806 5472
9569060.0 11.57168 28 2821
9569220.0 7232.3 0 5472
9638650.0 2600.0 0 22696
9650690.0 2.83628 28 2821
9731920.0 360891.77 9 1021
9733950.0 865.70631 1898 1814
9741200.0 391.99066 1814 1898
9741520.0 473.71565 1814 1883
9743330.0 216.969 1883 1898
9800820.0 752.29 129 588
9806920.0 1.1 185 1882
9814160.0 7232.3 15 16
9816630.0 354382.7 9 1021
9816660.0 61.6 129 241
9818480.0 651.09142365 0 22700
9828570.0 52.8 185 1882
9828640.0 2.617999989 185 16
9828750.0 3616.15 0 22698
9829770.0 651.09142365 0 22700
9831270.0 50.6 185 1882
9919970.0 1.1 2518 1686
9925290.0 72.323 0 22703
9933160.0 17.02 29 17636
9933320.0 72.323 4 858
9933330.0 72.323 0 3321
9934960.0 72.323 0 3321
9935380.0 72.323 0 3321
9935630.0 72.323 0 3321
9936380.0 72.323 0 3321
9938800.0 72.323 0 3321
9940540.0 72.323 0 3321
9941340.0 144.646 4 859
9943890.0 72.323 0 3321
9947850.0 144.646 28 859
9954640.0 354382.7 9 1021
9964860.0 0.75 1935 2038
9965050.0 0.75 1935 15791
9974540.0 33.3679999612 184 1938
9977830.0 2169.69 184 1041
9981670.0 1.5 184 862
9983770.0 3.61615 28 701
9987750.0 7.2323 1021 1760
9987900.0 450.0 184 2166
9989000.0 723.23 184 1938
9989560.0 150.0 184 862
9992140.0 354382.7 9 1021
9992960.0 7.5 184 18531
9994770.0 72.323 0 3321
9995080.0 1.5 184 1942
1.00006E7 723.23 28 701
1.000251E7 72.323 0 3321
1.000253E7 72.323 1021 1946
1.000279E7 806.761777651 1021 1946
1.000341E7 723.23 1021 1946
1.000695E7 38.8 28 1703
1.000967E7 354382.7 9 1021
1.001279E7 72.9 184 18546
1.002041E7 79555.3 9 1021
1.002169E7 1.1 1686 2518
1.00227E7 12294.91 9 1021
1.002601E7 8.67876 1690 68
1.002669E7 598.4 160 15826
1.002759E7 151.32 28 1703
1.003959E7 15.0 1965 3135
1.003985E7 15000.0 576 1965
1.004677E7 66.6 576 2045
1.004689E7 150.0 1965 2045
1.005974E7 14.102985 28 861
1.006216E7 15.0 860 18626
1.00643E7 0.075 1965 1784
1.006435E7 0.075 1965 1784
1.0064541E7 216969.0 9 1021
1.006575E7 72.323 28 861
1.007168E7 520.0 0 22690
1.007363E7 36161.5 9 1021
1.0083561E7 77.6 28 1976
1.008501E7 0.015 1974 24419
1.008518E7 0.03 1974 24419
1.008603E7 3616.15 15810 1979
1.008622E7 723.23 28 1976
1.008651E7 3616.15 1979 15810
1.008848E7 150.0 18632 1988
1.008853E7 38.8 28 1976
1.008942E7 2.553 17612 417
1.009173E7 225.0 184 2274
1.009244E7 210.0 184 2274
1.009361E7 3616.15 0 5472
1.010139E7 150.0 184 862
1.011144E7 0.518 417 17612
1.011196E7 180807.5 9 1021
1.012274E7 723.230101252 28 1243
1.013767E7 7.2323 1460 18433
1.013779E7 3.88 1460 18433
1.013835E7 15.0 184 862
1.013889E7 0.15 184 862
1.013959E7 715.9977 184 18551
1.014073E7 300.0 184 862
1.014334E7 72.323 28 859
1.0147E7 1.2737599083 4 604
1.014919E7 225.0 184 1011
1.015007E7 150.0 184 2274
1.015032E7 723.23 1021 1946
1.0153261E7 0.15 2038 1935
1.015332E7 0.15 2038 15791
1.015782E7 7.2323 2013 12548
1.016173E7 0.15 1965 1710
1.017133E7 25313.05 28 1243
1.017134E7 723.23 28 1843
1.017592E7 450.0 184 2274
1.01764E7 7.5 184 312
1.017741E7 1800.8427 28 701
1.018012E7 110.0 3555 2024
1.018063E7 0.011 1132 1129
1.018318E7 0.0881978985 1129 1132
1.018475E7 354382.7 9 1021
1.018509E7 101252.2 9 1021
1.0185291E7 1.089 1132 1129
1.019036E7 714.55124 1021 1946
1.019237E7 8.7316787391 1129 1132
1.01941E7 0.518 417 17612
1.019539E7 94019.9 9 1021
1.019619E7 723.23 4 611
1.01966E7 720.264757 4 310
1.019915E7 1100.0 311 40156
1.01992E7 72323.0 311 40156
1.019938E7 1100.0 311 40157
1.019966E7 72323.0 311 40157
1.019971E7 1100.0 311 40158
1.019973E7 72323.0 311 40158
1.022209E7 72.323 28 16779
1.022626E7 426.7057 28 701
1.022742E7 7.76 28 706
1.022985E7 0.75 184 18557
1.023568E7 69.84 28 706
1.02358E7 22.892 28 706
1.02425E7 115716.8 9 1021
1.024899E7 0.15 1965 2063
1.025124E7 137.4137 28 706
1.026014E7 0.74 17612 417
1.026572E7 0.8678687677 226 2000
1.026606E7 17.02 29 17639
1.026783E7 0.555 17612 417
1.027071E7 1446.46 1859 2105
1.027087E7 1446.46 2105 1859
1.027535E7 0.259 417 17612
1.028243E7 0.72323 15776 659
1.028249E7 0.72323 15776 659
1.028252E7 0.72323 15776 659
1.028501E7 180.8075 4 416
1.028942E7 113.3385 184 2274
1.029127E7 14.4646 28 2047
1.029851E7 72.323 184 18560
1.030656E7 723.23 4 611
1.030662E7 1.5E18 18561 18546
1.030893E7 75.0 184 3229
1.031024E7 4.24514579827E12 18561 18546
1.031043E7 0.44508 18546 18561
1.031296E7 72323.0 2064 40168
1.031459E7 150.0 184 862
1.031656E7 0.15 18546 2332
1.031689E7 0.015 18546 20905
1.03194E7 723.23 16762 2066
1.032287E7 15.0 18546 20905
1.032756E7 0.075 20905 40155
1.033182E7 7.4804999985 2728 3229
1.033427E7 7.4804999985 2933 2727
1.033495E7 361.615 4 817
1.033536E7 361.615 4 817
1.0341231E7 48.45641 28 2047
1.034719E7 29.85 2727 3229
1.034729E7 14.9609999985 2933 3229
1.034815E7 0.03 18546 18567
1.03505E7 19.4 611 1756
1.035054E7 1446.46 611 1756
1.03573E7 3616.15 0 5472
1.035768E7 3.88 28 2080
1.036707E7 0.259 417 17612
1.037417E7 58.5 184 2274
1.038135E7 20.72 29 2117
1.038944E7 0.15 1965 18559
1.040471E7 114.46 28 706
1.040677E7 360891.77 9 1021
1.041734E7 14.85 2727 3229
1.042011E7 142.8915 2933 2727
1.042058E7 142.8915 2727 2728
1.042253E7 0.578584 0 3321
1.043048E7 36.9334 417 29
1.043425E7 0.259 417 17612
1.043501E7 150.0 184 862
1.043577E7 388.5 184 2274
1.044222E7 723.23 1021 1946
1.0468E7 286.005 2933 2727
1.046807E7 572.01 2933 2727
1.046861E7 355.995 2933 2727
1.046877E7 285.0 2933 2727
1.046887E7 1.05 2933 2727
1.046894E7 0.09 2933 2727
1.047665E7 1.2 184 2172
1.048791E7 1.2 184 18572
1.048806E7 1.2 184 869
1.048903E7 1.2 184 18573
1.049086E7 75.0 184 2727
1.049117E7 75.0 2933 2728
1.049289E7 75.0 2933 3229
1.049656E7 75.0 2933 2727
1.050199E7 1.2 184 18574
1.050445E7 0.015 18546 18567
1.050449E7 0.015 18546 2188
1.050464E7 0.015 18546 18564
1.05082E7 723.23 24452 2134
1.05097E7 598.4 15826 160
1.051281E7 354382.7 9 1021
1.051861E7 723.23 1021 1946
1.052713E7 1.2 184 868
1.05464E7 723.23 611 1756
1.055277E7 0.289292 0 3321
1.056077E7 27.5715 2933 2728
1.056314E7 27.5715 2728 3229
1.057949E7 1507.92646429 28 310
1.058634E7 194.0 28 5211
1.058825E7 192.06 28 5211
1.05989E7 0.2169617677 0 3321
1.063515E7 0.072323 4 709
1.063525E7 20.97367 4 709
1.064416E7 0.15 2728 3229
1.064417E7 1303.332783 611 1756
1.064424E7 0.3 2728 3229
1.064562E7 0.45 3229 2728
1.066152E7 0.75 184 2188
1.066374E7 15.0 184 2188
1.066391E7 1.2 184 7745
1.066398E7 1.2 184 18589
1.068322E7 7.2323 15776 659
1.068945E7 0.962 17612 417
1.068991E7 0.259 417 17612
1.069514E7 0.259 417 17612
1.070779E7 1.2 184 18534
1.073298E7 1.2 184 18531
1.074372E7 1771.9135 4 604
1.076564E7 27.5715 2727 3229
1.076566E7 578.584 4 611
1.076575E7 27.5715 3229 2728
1.07661E7 360891.77 9 1021
1.076863E7 42.5715 2933 2728
1.076894E7 115.143 2933 3229
1.076921E7 115.143 3229 2728
1.076987E7 247.4544 993 586
1.07699E7 24.4156 993 586
1.076994E7 52.5512 993 586
1.076998E7 31.8556 993 586
1.077001E7 39.06 993 586
1.077005E7 13.5655999876 993 586
1.077188E7 2.59572 28 16774
1.077262E7 2.813 28 601
1.077285E7 3.61615 28 16774
1.077353E7 3.4338 28 706
1.077363E7 6.29336 28 16779
1.077423E7 8.67876 28 601
1.077644E7 4.33938 28 706
1.077688E7 150.0 1988 18632
1.077699E7 2.89292 28 16779
1.078189E7 1.5E14 18546 18561
1.078244E7 1.499985E16 18546 18561
1.07849E7 0.259 417 17612
1.078938E7 65.0907 1021 2199
1.080903E7 127.931351915 28 1447
1.081602E7 134.507262831 28 1447
1.082558E7 130.143 2933 2727
1.082593E7 260.286 2933 2727
1.083659E7 7.2323 806 5472
1.084391E7 91.14 993 586
1.085339E7 0.011 1129 156
1.085882E7 108.4845 28 1447
1.08606E7 4.147 18394 18337
1.086812E7 8340.0 16358 574
1.087073E7 1500000.0 20905 40155
1.087167E7 25.6970200393 28 1447
1.09172E7 1.2 184 2278
1.09217E7 144.646 28 859
1.093194E7 0.00144646 1990 500
1.093534E7 144.646 1021 1946
1.09355E7 72.323 1021 1946
1.093973E7 723.23 10739 2092
1.095682E7 0.259 417 17612
1.096612E7 72323.0 311 40159
1.096616E7 2750.0 311 40159
1.096719E7 361615.0 311 40158
1.096722E7 11000.0 311 40158
1.097651E7 25313.05 28 1243
1.10057E7 0.3 184 2278
1.100778E7 0.3 184 18574
1.101523E7 0.3 184 18589
1.101783E7 1446.46 806 5472
1.102566E7 2892.92 40138 40139
1.102934E7 0.259 417 17612
1.103984E7 1.5105 860 18626
1.104079E7 3616.15 184 2146
1.1044631E7 0.3 184 18549
1.104601E7 0.3 184 716
1.104643E7 750.0 3053 18635
1.105162E7 354382.7 9 1021
1.10528E7 150000.0 40405 18628
1.105437E7 120.0 40405 18628
1.105668E7 144646.0 9 1021
1.106068E7 72323.0 9 1021
1.107889E7 150.0 184 2146
1.110119E7 146.25 184 504
1.111911E7 150.0 431 1875
1.112007E7 7232.3 431 1875
1.113636E7 339918.1 9 1021
1.114419E7 180807.5 9 1021
1.118384E7 10.0 1859 2105
1.119162E7 723.23 1935 2038
1.121062E7 2169.69 0 5472
1.121743E7 15.0 186 6302
1.122818E7 325453.5 9 1021
1.123178E7 1880.398 0 5472
1.124241E7 3250.0 0 22700
1.125161E7 15.0 186 6302
1.128825E7 123.021423 28 1447
1.129312E7 0.104 18457 1724
1.130199E7 1.5 184 2728
1.130244E7 7.5 184 2728
1.130434E7 1.5 184 2728
1.130529E7 0.75 184 2728
1.1332111E7 7.5 184 2728
1.13443E7 1808.075 0 5472
1.134708E7 7.5 184 2705
1.134933E7 150.0 2933 2727
1.135256E7 1.44 2933 2728
1.135262E7 1.92 2933 2727
1.137506E7 72.323 1021 1946
1.13864E7 1.4592 2933 2727
1.138884E7 7.5 186 2223
1.139677E7 360891.77 9 1021
1.139679E7 0.259 417 17612
1.14059E7 651.09142365 0 22700
1.143719E7 0.15 431 1875
1.143898E7 9.0824999985 184 2274
1.145225E7 7.2323 1021 1946
1.14544E7 55.0 185 441
1.146474E7 110.0 185 15724
1.146482E7 216.969 28 706
1.146921E7 0.259 417 17612
1.147148E7 4.44 17612 417
1.147254E7 1.062 184 2274
1.14792E7 723.23 1021 1946
1.14809E7 216969.0 9 1021
1.148627E7 72.323 1021 1946
1.148897E7 72.323 1021 1946
1.148903E7 651.09142365 0 22700
1.148932E7 723.23 1021 1946
1.14896E7 723.23 1021 1946
1.149314E7 723.23 1021 1946
1.149731E7 72.323 1021 1946
1.151655E7 0.0 411 9
1.153057E7 0.15 431 40414
1.155272E7 72.323 1021 1946
1.15594E7 149.7 431 1875
1.157135E7 300.0 184 1041
1.157162E7 325453.5 9 1021
1.157683E7 72.323 1021 2621
1.1586E7 72.323 1021 2621
1.160085E7 14.7 2727 2728
1.162321E7 159110.6 9 1021
1.166052E7 21696.9 9 1021
1.170706E7 3616.15 0 5472
1.172096E7 7.2323E-4 185 843
1.177652E7 0.15 431 1875
1.180918E7 0.072323 0 3321
1.181062E7 91.12698 0 22715
1.181064E7 2492.96839301 0 22698
1.181722E7 1500.0 186 6302
1.183227E7 72.323 0 22703
1.18859E7 7.2323 28 861
1.188596E7 65.0907 28 861
1.1888401E7 3167.02416277 28 861
1.188971E7 1446.46 0 22715
1.190753E7 0.525 184 2274
1.1915561E7 4.181 17589 66
1.192057E7 3616.15 0 5472
1.192335E7 216.969 158 155
1.195027E7 274827.4 9 1021
1.195796E7 150.0 184 1041
1.195837E7 300.0 184 1041
1.204585E7 0.072323 0 3321
1.205308E7 216.969 450 907
1.216378E7 0.999 17612 417
1.216396E7 0.259 417 17612
1.216499E7 20736.0437359 0 22700
1.217675E7 0.259 417 17612
1.218194E7 7.2323 181 134
1.220702E7 216.969 450 2805
1.221748E7 339918.1 9 1021
1.223188E7 2210.0 0 5472
1.224286E7 0.259 417 17612
1.224607E7 12294.91 806 5472
1.22667E7 3616.15 731 450
1.22668E7 3616.15 731 450
1.229117E7 150.0 184 2728
1.230604E7 347150.4 9 1021
1.230873E7 15.4 595 7841
1.23168E7 1000.95031277 28 861
1.232674E7 723.23 0 2053
1.232943E7 216.969 2798 2875
1.23302E7 723.23 0 2053
1.23338E7 36.1615 28 16785
1.233391E7 7.2323 28 735
1.234096E7 0.3 184 2728
1.234213E7 72.323 4 898
1.234302E7 0.0388 28 16783
1.235494E7 216.969 450 2296
1.2367451E7 260362.8 9 1021
1.238194E7 15.0 187 2119
1.238362E7 1.5 187 2359
1.23844E7 150.0 187 2110
1.239033E7 216.969 450 40476
1.239038E7 216.969 450 40477
1.239043E7 216.969 450 40478
1.239188E7 30.0 186 18704
1.23953E7 723230.0 24208 3616
1.239565E7 300.0 186 24484
1.239775E7 1.5 186 2739
1.239814E7 75.0 187 2119
1.239873E7 723.23 2038 15792
1.239933E7 150.0 1935 2038
1.239944E7 150.0 1935 15792
1.239945E7 150.0 2038 1935
1.239983E7 150.0 1935 15792
1.240351E7 3.75 2727 2728
1.240435E7 10848.45 0 5472
1.241052E7 137413.7 9 1021
1.241125E7 1300.0 0 3549
1.241128E7 289.292 185 589
1.2411761E7 1500.0 187 726
1.241261E7 7232.3 0 5472
1.241388E7 75.0 187 2119
1.24145E7 150.0 186 2929
1.241485E7 2169.69 1021 1946
1.241861E7 450.0 187 18721
1.241864E7 300.0 187 40344
1.24195E7 4339.38 0 5472
1.241975E7 75.0 187 2949
1.241984E7 3.88 28 16783
1.242158E7 15.0 186 3082
1.242335E7 30.0 187 2283
1.242433E7 150.0 187 2283
1.243156E7 339918.1 9 1021
1.243159E7 10125.22 9 1021
1.243514E7 780.0 0 11831
1.244185E7 72.323 0 3089
1.244808E7 18.08075 75 589
1.244812E7 18.08075 75 2925
1.244839E7 18.08075 75 879
1.244843E7 18.08075 75 1823
1.244846E7 18.08075 75 2962
1.244848E7 18.08075 75 18514
1.244854E7 18.08075 75 6438
1.244871E7 18.08075 75 2848
1.244872E7 18.08075 75 24297
1.244879E7 18.08075 75 1420
1.244893E7 18.08075 75 2589
1.244905E7 18.08075 75 3701
1.244909E7 18.08075 75 24299
1.244912E7 18.08075 75 15856
1.244919E7 18.08075 75 2763
1.244925E7 18.08075 75 24295
1.244928E7 18.08075 75 2770
1.246983E7 173.8425 184 2547
1.247591E7 2.025044E7 24208 3616
1.24894E7 325.4535 226 2650
1.249803E7 110.7 187 3480
1.249816E7 6.0 187 3009
1.249888E7 600.0 187 40344
1.250177E7 3.0 187 2997
1.250208E7 465.0 187 18721
1.250309E7 0.132 185 441
1.250627E7 15.0 186 2301
1.251113E7 0.37 17612 417
1.251271E7 1.5 186 3093
1.251596E7 6.66 17589 66
1.251859E7 72.323 469 15810
1.252042E7 216.969 450 1823
1.252052E7 361.615 450 3068
1.252101E7 216.969 450 40477
1.252368E7 85.0372194 860 18626
1.252515E7 18.08075 2798 2875
1.252568E7 2169.69 0 3089
1.253074E7 245898.2 9 1021
1.253301E7 2169.69 3089 3029
1.253372E7 1084.845 3029 3089
1.253401E7 0.15 184 3448
1.253568E7 1084.845 3029 3089
1.255E7 1.5 186 3093
1.25506E7 1.5 186 3093
1.255074E7 15.0 187 40820
1.25514E7 7.5 187 2940
1.255152E7 75.0 187 24187
1.256601E7 361615.0 24452 2134
1.256604E7 2892920.0 24452 2134
1.25678E7 15000.0 40122 1935
1.256793E7 7500.0 40122 1935
1.257337E7 3.0 184 3032
1.257544E7 101252.2 9 1021
1.257877E7 723.23 185 16
1.25794E7 300.0 431 1875
1.259546E7 1300.0 0 11831
1.259691E7 180.0 187 2949
1.260011E7 7.5 186 24485
1.260017E7 15.0 186 2743
1.260231E7 249.080412 184 2166
1.261284E7 34715.04 9 1021
1.261288E7 1100.0 9 1021
1.263784E7 0.00361615 731 450
1.264802E7 300.0 187 18721
1.264806E7 300.0 187 3297
1.265148E7 150000.0 15792 15793
1.266415E7 104.0 0 3089
1.266904E7 4.5 186 18698
1.267206E7 7.5 186 3096
1.267243E7 3.0 186 3096
1.267266E7 578.584 1021 2621
1.267326E7 151878.3 9 1021
1.268426E7 0.1125 431 1875
1.269566E7 21.6969 0 22719
1.270355E7 110.0 311 40156
1.272508E7 1500.0 186 6302
1.272629E7 15.0 187 40823
1.273065E7 315.0 431 1875
1.274825E7 11.0 185 843
1.275008E7 750.0 187 2331
1.275285E7 660.0 187 18721
1.275937E7 750.0 187 2331
1.275942E7 450.0 187 2331
1.276097E7 750.0 187 24187
1.276346E7 0.666 17612 417
1.276418E7 627.0 187 18721
1.276964E7 2625.0 187 3163
1.27719E7 75.0 18729 18730
1.277236E7 3.0 18729 18730
1.277278E7 216969.0 9 1021
1.277299E7 0.75 18730 18729
1.277405E7 77.25 18730 18729
1.279263E7 650.0 0 22720
1.279739E7 0.072323 0 3321
1.279903E7 73.04623 28 735
1.280318E7 819.068830682 28 1300
1.282181E7 1.5 1935 15793
1.282195E7 750.0 187 2765
1.28227E7 0.75 1935 15793
1.282278E7 0.75 1935 15793
1.284792E7 1.48 417 29
1.285175E7 19.4 185 416
1.285179E7 1.5 186 20746
1.28551E7 15.0 187 2283
1.2855951E7 1500.0 187 726
1.285748E7 177.15 431 1875
1.285877E7 245898.2 9 1021
1.286814E7 289.292 1021 2621
1.286976E7 72.323 1021 2621
1.289184E7 29.0819751052 1021 3153
1.289799E7 36161.5 28 1243
1.2924101E7 10.44 17 40334
1.292623E7 5.25 186 18734
1.294406E7 2.2 891 24014
1.294715E7 750.0 186 6288
1.299155E7 1500.0 40743 24479
1.299619E7 1.5 186 24492
1.299795E7 360.0 186 3237
1.30006E7 180.0 186 3237
1.301115E7 360891.77 9 1021
1.301374E7 216969.0 9 1021
1.301394E7 101252.2 9 1021
1.301599E7 57858.4 9 1021
1.302207E7 0.77 185 440
1.303804E7 581.699616982 1021 2621
1.304704E7 347150.4 9 1021
1.304958E7 151.661331 1883 1898
1.305317E7 0.072323 731 450
1.307601E7 188.447655437 28 420
1.30778E7 2587.499971 28 861
1.309208E7 144646.0 9 1021
1.311022E7 407.9475 431 1875
1.311384E7 723.23 1021 2621
1.31178E7 17.02 29 737
1.31197E7 72323.0 9 1021
1.316313E7 21.9681052252 28 420
1.317281E7 0.15 1935 2038
1.317644E7 36.1615 28 420
1.318828E7 723.23 1935 2038
1.31901E7 361615.0 9 1021
1.322074E7 72.323 2807 2848
1.327161E7 18.5 417 29
1.327481E7 0.666 17612 417
1.327932E7 2600.0 0 3321
1.327972E7 361615.0 9 1021
1.328753E7 0.072323 0 3321
1.329724E7 72.323 1021 2621
1.331177E7 390.0 0 3089
1.332279E7 39.4129712464 28 420
1.337204E7 1012.52199277 1021 2621
1.338101E7 361615.0 9 1021
1.339769E7 2.2 891 24014
1.341352E7 23.6210859888 28 420
1.342215E7 940.199 28 1300
1.344185E7 72323.0 9 1021
1.344226E7 15.0 186 24486
1.34511E7 550.0 185 15724
1.345526E7 197.1091042 26 36
1.345882E7 1446.46 1021 2621
1.346542E7 750.0 187 3297
1.351985E7 1.5 1935 15793
1.354485E7 274.8274 3 36
1.354844E7 20.501136046 28 420
1.355186E7 144.646 3089 3029
1.355262E7 144.646 3089 3029
1.355347E7 578.584 3089 3029
1.355609E7 5.6046998142 1021 3284
1.355654E7 1500.0 187 24187
1.355783E7 867.875992768 3029 3089
1.365191E7 1526.01529277 3029 3089
1.3679E7 40.8550069636 28 420
1.369066E7 423.08955 3029 3089
1.370201E7 289292.0 9 1021
1.373095E7 714.55124 3029 3089
1.376598E7 20.7804504948 28 420
1.380321E7 0.37 17612 417
1.382804E7 361615.0 9 1021
1.386911E7 3.25872 993 586
1.38755E7 481.0 0 3089
1.387852E7 15.0 186 781
1.388252E7 4.147 18394 18337
1.38827E7 8.294 18337 18394
1.391675E7 22.0 185 440
1.396914E7 361615.0 9 1021
1.402468E7 67.5021665668 28 420
1.403708E7 867.875992768 1935 15793
1.406069E7 0.72323 15776 659
1.406078E7 0.72323 15776 659
1.406082E7 0.72323 15776 659
1.406475E7 361615.0 9 1021
1.411845E7 30.737275 28 420
1.414024E7 1500.0 431 1875
1.419781E7 600.0 187 24187
1.421056E7 79.5553 28 735
1.421779E7 72323.0 9 1021
1.422239E7 0.75 1935 15793
1.423152E7 15.0 187 2110
1.423938E7 30.0 186 20746
1.425447E7 472.218549435 1021 2621
1.436807E7 26.2658539612 28 420
1.437579E7 6000.0 431 1875
1.437987E7 15911.06 0 11831
1.438007E7 1446.46 0 11831
1.438035E7 2860.0 0 11831
1.438352E7 14464.6 0 3549
1.439695E7 1300.0 0 22700
1.442165E7 354382.7 9 1021
1.442176E7 354382.7 9 1021
1.443478E7 755.86430729 3 43
1.450669E7 7.2323 15776 659
1.45067E7 72.323 15776 659
1.45067E7 7.2323 15776 659
1.45067E7 0.072323 15776 659
1.45067E7 7.2323 15776 659
1.45067E7 854.13463 15776 659
1.45067E7 0.072323 15776 659
1.450748E7 0.72323 0 3321
1.451475E7 1110.0 3406 910
1.451715E7 72.323 226 910
1.452868E7 1298.7 0 22700
1.456464E7 7939.401971 9 135
1.463256E7 1446.46 611 1756
1.464364E7 64.584439 3423 3421
1.465696E7 0.37 417 17612
1.466693E7 1097.646171 28 1300
1.468068E7 17890.034249 1021 2199
1.468919E7 216969.0 9 1021
1.469987E7 361.615 1021 2621
1.471454E7 36.1615 5834 4976
1.477188E7 361615.0 9 1021
1.478743E7 7.4 66 76
1.482839E7 1467.43366277 9 2955
1.486259E7 7.2323 4976 5834
1.486749E7 151.8783 1021 2621
1.488724E7 77.0479700745 28 420
1.490286E7 723.23 3539 859
1.491271E7 1298.7 0 22700
1.49133E7 7.2323 9 3404
1.491401E7 2270.21896277 9 2955
1.491446E7 194.0 28 420
1.491478E7 62.92101 9 2847
1.493413E7 5.4319999612 40405 18628
1.493552E7 14464.6 0 11831
1.493669E7 0.4268 40405 18628
1.493786E7 0.5044 40405 18628
1.493906E7 14464.6 0 3549
1.49439E7 18013.5737433 1021 2199
1.497033E7 192.0 24384 2206
1.498253E7 192.37518777 1021 2621
1.499909E7 326.3 0 3089
1.500027E7 12294.91 806 5472
1.500272E7 0.037 417 17612
1.500953E7 1142.7034 28 861
1.501744E7 216969.0 9 1021
1.506101E7 0.5238 187 40405
1.508996E7 7232.3 0 11831
1.516274E7 1298.7 0 22700
1.518582E7 361615.0 9 1021
1.518845E7 361.615 66 17591
1.519033E7 32.4052531167 28 1447
1.519409E7 376.0796 1021 2621
1.519416E7 1473.68876332 28 420
1.521624E7 7232.3 0 3549
1.522796E7 0.87 2219 40363
1.526815E7 150.0 186 24506
1.527145E7 2169.69 184 18565
1.527442E7 0.435 46342 52090
1.527459E7 361615.0 9 1021
1.527501E7 69.6 46342 52090
1.529309E7 180.8075 185 416
1.531338E7 38.9832973692 28 420
1.532573E7 361.615 28 66
1.534343E7 30000.0 19201 19202
1.534346E7 578584.0 19201 19202
1.534362E7 15000.0 19201 19202
1.534366E7 144646.0 19201 19202
1.535162E7 3000.0 18786 18785
1.535193E7 1500.0 18785 3265
1.535195E7 3616.15 509 24229
1.535253E7 4500.0 18786 18785
1.535258E7 4650.0 18785 3265
1.535551E7 361615.0 9 1021
1.536863E7 36161.5 28 1243
1.537354E7 7232.3 0 11831
1.537995E7 15911.06 0 22727
1.538203E7 18080.75 0 22727
1.538539E7 3.88 226 36
1.538547E7 7.76 226 36
1.53855E7 13018.14 0 504
1.541227E7 289292.0 1597 24121
1.542311E7 67199.9904 15893 16350
1.542399E7 300.0 186 6288
1.544882E7 285.0 186 6288
1.545311E7 0.072323 15776 659
1.545313E7 0.072323 15776 659
1.54575E7 718.89062 0 22690
1.546047E7 0.072323 15776 659
1.546062E7 0.72323 15776 659
1.547131E7 572.479512094 1021 2621
1.549603E7 520.0 0 22690
1.550462E7 361615.0 9 1021
1.550716E7 2965.24299277 9 363
1.550865E7 0.72323 15776 659
1.551062E7 0.72323 15776 659
1.552226E7 20.6755538024 28 420
1.553467E7 2.7528 3521 3538
1.555975E7 361615.0 9 1021
1.555988E7 289292.0 9 1021
1.556439E7 723.23 314 40345
1.556449E7 723.23 40345 314
1.556462E7 723.23 314 40345
1.560894E7 40.1433800824 28 420
1.5621871E7 124.0 3521 3538
1.562482E7 62.0 3521 3538
1.562827E7 0.248 3521 3538
1.563091E7 2.48 3521 3538
1.563531E7 83.1 3521 3538
1.563956E7 0.0124 3521 3538
1.56557E7 21.6969 1021 3542
1.568627E7 518.7 0 5472
1.570138E7 150.0 186 24506
1.571109E7 3.33 17591 66
1.571153E7 7.7255999926 66 417
1.571445E7 23.28 226 910
1.571781E7 5785.84 0 3549
1.572694E7 258.7 0 22720
1.573446E7 3.88 3521 3538
1.575473E7 40.7200762 28 420
1.577273E7 22.9875473288 28 420
1.577286E7 361615.0 9 1021
1.580244E7 72.323 1979 15810
1.580253E7 216.969 15810 1979
1.580258E7 72.323 1979 15810
1.581265E7 7232.3 0 11831
1.581632E7 7232.3 0 3549
1.581841E7 0.0124 3521 3538
1.584055E7 150.0 186 3442
1.590215E7 36161.5 28 1243
1.60077E7 44.9883904024 28 420
1.61093E7 0.072323 15776 659
1.613595E7 28.1204999985 431 1875
1.618373E7 451.5 186 6288
1.621492E7 150.0 186 24506
1.622562E7 361615.0 9 1021
1.624606E7 361.615 28 706
1.62502E7 42.3183606812 28 420
1.628037E7 42.4040194412 28 420
1.62847E7 660.0 186 6288
1.630224E7 150.0 186 24506
1.631053E7 600.0 187 24187
1.635064E7 7.2323 28 420
1.635419E7 8.9836 66 417
1.635484E7 7.2323 28 420
1.635619E7 7232.3 184 3838
1.637176E7 150.0 186 24506
1.639209E7 7232.3 806 5472
1.642341E7 25313.05 28 1243
1.647126E7 10848.45 806 5472
1.647146E7 0.555 417 17612
1.64856E7 361615.0 9 1021
1.648579E7 361615.0 9 1021
1.653107E7 7.76 28 420
1.655252E7 62.19778 1021 2621
1.655375E7 7.2323 1021 2621
1.6556141E7 0.650907 1686 2518
1.655654E7 3.543827 2518 1686
1.656516E7 8.14 66 17591
1.656794E7 1500.0 186 6395
1.659762E7 7.2323 0 3321
1.659901E7 1.44646 0 3321
1.660095E7 0.072323 0 3321
1.674635E7 11.84 17595 17591
1.682282E7 1128.14 0 22732
1.68235E7 458.12 0 22733
1.682769E7 7.7 891 24014
1.689375E7 650907.0 9 1021
1.690358E7 150.0 186 24506
1.691923E7 8.14 13317 17591
1.701695E7 542.4225 419 411
1.702512E7 180.8075 419 411
1.707274E7 2522.0 0 11831
1.723255E7 723.23 3660 3671
1.723846E7 433938.0 9 1021
1.726745E7 722.50677 1021 2621
1.727723E7 981.278464 1021 2621
1.730265E7 1446.46 3671 3660
1.73547E7 0.072323 0 3321
1.735563E7 0.072323 0 3321
1.735779E7 0.072323 0 3321
1.735786E7 0.144646 0 3321
1.735947E7 0.072323 0 7856
1.738272E7 2522.0 0 3549
1.739321E7 180.8075 185 416
1.74062E7 723.23 3660 3671
1.74084E7 557.7 0 3089
1.743979E7 14464.6 0 22735
1.7439801E7 3900.0 0 22735
1.747859E7 1500.0 186 6395
1.7511241E7 7.3112 66 417
1.760738E7 3.88 187 40838
1.763724E7 3.88 0 7856
1.763867E7 3.88 0 7856
1.765047E7 60.0 431 1875
1.766943E7 623.74430374 1021 2621
1.777523E7 220.0 185 260
1.777596E7 2169.69 185 260
1.777602E7 31.04 185 260
1.779233E7 14464.6 43 3
1.78684E7 300.0 186 6395
1.789404E7 776.0 0 22735
1.789436E7 10848.45 0 22736
1.789442E7 776.0 0 22736
1.793989E7 1300.0 0 3797
1.794298E7 1300.0 0 3798
1.794783E7 77.6 226 16407
1.796721E7 2600.0 0 22737
1.796733E7 2328.0 0 22737
1.796792E7 2600.0 0 22738
1.796802E7 2328.0 0 22738
1.801678E7 650907.0 9 1021
1.803231E7 38.8 16407 24128
1.804185E7 2892.92 3274 51933
1.804289E7 2892.92 51933 3274
1.804396E7 723.23 51933 3274
1.804409E7 723.23 3274 51933
1.81466E7 3.88 28 3758
1.816223E7 8.9836 66 417
1.81926E7 15.4 156 1129
1.820285E7 450.0 187 2110
1.821987E7 3.88 28 3758
1.82216E7 0.72323 0 22739
1.825311E7 15.0 187 3673
1.825569E7 15.0 187 3673
1.827778E7 723.23 419 411
1.830874E7 723.23 2917 2144
1.83888E7 131.771799993 29 66
1.839648E7 713.7 0 3089
1.83967E7 63.96 0 5472
1.839707E7 14464.6 0 11831
1.845732E7 1067.41799999 993 586
1.846281E7 750.0 186 6395
1.846386E7 750.0 186 6395
1.853841E7 361615.0 9 1021
1.856798E7 12.7427999926 66 417
1.861603E7 723.23 0 22739
1.863521E7 359.44531 226 3754
1.864376E7 7232.3 0 5472
1.865232E7 4.81 66 417
1.865669E7 14.8 17591 66
1.866415E7 0.15 298 31
1.870371E7 3.88 226 910
1.870963E7 160.55706 3274 51933
1.870994E7 160.55706 51933 3274
1.872292E7 8.9836 66 417
1.875451E7 3.33 17591 17595
1.879057E7 39.9255 431 1875
1.880712E7 121.417443506 28 310
1.882997E7 7232.3 0 5472
1.887945E7 13.74137 1021 2621
1.888056E7 723.23 431 1875
1.890221E7 750.0 187 3297
1.89139E7 16.1097999926 417 66
1.896198E7 20.58384903 226 910
1.897456E7 361615.0 9 1021
1.902774E7 0.0124 42 53
1.933522E7 7.7255999926 66 417
1.943358E7 8.362 66 417
1.947912E7 550.0 185 260
1.949125E7 739.7 0 3089
1.954771E7 750.0 186 3867
1.957696E7 86.7876 491 1523
1.964336E7 1500.0 186 6395
1.966809E7 361615.0 9 1021
1.976177E7 0.15 801 3852
1.991282E7 1.1 801 3852
2.011536E7 3.7 417 17595
2.02898E7 1446.46 0 22745
2.029146E7 26.0 22745 1621
2.029206E7 388.0 0 22745
2.033322E7 14464.6 184 3838
2.044759E7 361615.0 9 1021
2.047382E7 3000.0 184 3838
2.05504E7 0.74 52184 4100
2.055049E7 73999.26 52184 4100
2.055123E7 55000.0 52184 4100
2.055128E7 720.0 52184 4100
2.055337E7 77000.0 52184 4100
2.055424E7 62000.0 52184 4100
2.057179E7 150.0 184 3537
2.058292E7 1.5 6395 3906
2.060252E7 55000.0 52184 4100
2.060276E7 62000.0 52184 4100
2.060304E7 240.0 52184 4100
2.060368E7 95040.0 52184 4100
2.062254E7 15.0 6395 3906
2.062721E7 750.0 186 6395
2.066676E7 150000.0 52184 4100
2.066774E7 100000.0 52184 4100
2.066798E7 93000.0 52184 4100
2.066982E7 723230.0 52184 4100
2.070781E7 155200.0 52184 4100
2.071129E7 45.0 6395 3906
2.077779E7 7.2323E-4 3932 3929
2.077802E7 0.72323 3932 3929
2.081403E7 1371.3532 17594 66
2.090641E7 77.7 66 17595
2.090658E7 59.2 13317 17595
2.090685E7 5.18 17595 13317
2.090695E7 5.18 66 13317
2.092878E7 1.5 24430 10004
2.093047E7 149.85 24430 52186
2.097483E7 8.7E-4 52166 3955
2.103085E7 3000.0 184 3838
2.114069E7 0.72323 226 910
2.115694E7 2.22 66 417
2.118156E7 5.335 226 2927
2.121944E7 3616.15 0 22715
2.124678E7 9.657 66 417
2.126367E7 650907.0 9 1021
2.134593E7 9.768 156 1129
2.149396E7 8.034 431 1875
2.156193E7 0.005178 52166 3955
2.157647E7 0.003452 52166 3955
2.157767E7 0.003452 52166 3955
2.158189E7 750.0 186 6395
2.164634E7 550.0 185 260
2.16464E7 36161.5 185 260
2.164674E7 1940.0 185 260
2.173345E7 650907.0 9 1021
2.176765E7 289292.0 9 1021
2.177662E7 318.2212 412 36
2.185344E7 7.4 17596 417
2.185454E7 549.6548 28 420
2.193938E7 18080.75 28 1243
2.211217E7 1102.781104 0 22698
2.216383E7 0.001726 15848 3856
2.216468E7 0.001726 15848 3856
2.21653E7 0.001726 15848 3856
2.21772E7 0.001726 15848 3856
2.218966E7 3.663 17591 66
2.219174E7 97.0 28 370
2.22823E7 15.8656 17596 417
2.22993E7 3.33 66 17591
2.230456E7 0.0072323 298 31
2.231455E7 13350.0 431 1875
2.232995E7 0.001726 15848 3856
2.232997E7 0.001726 15848 3856
2.233003E7 0.001726 15848 3856
2.237486E7 4.4769999926 17596 417
2.238726E7 10089.854053 1021 2199
2.244944E7 750.0 186 6395
2.245567E7 17.2715999926 17596 66
2.251643E7 289292.0 9 1021
2.255786E7 7.7255999926 66 417
2.262658E7 3000.0 184 3838
2.277166E7 0.001726 15848 3856
2.277484E7 235.04975 24308 6438
2.277576E7 650907.0 9 1021
2.286099E7 0.72 15848 3856
2.286763E7 1554.0 417 17611
2.286765E7 1.44 15848 3856
2.286886E7 0.7056 801 3852
2.28913E7 8412.68367577 1021 2199
2.29313E7 7.2323 226 3314
2.294167E7 18.08075 28 861
2.294713E7 75.0 6395 3906
2.294993E7 431.76831 226 4081
2.296923E7 5.9052 17596 66
2.297771E7 10.6634 66 417
2.297775E7 7.7255999926 66 417
2.298021E7 3.5815999926 17596 417
2.29956E7 180.8075 36 416
2.301298E7 1500.0 184 3527
2.303238E7 4.96 418 51953
2.304443E7 1100.0 185 260
2.305793E7 361615.0 9 1021
2.306832E7 124.0 418 3085
2.307159E7 7.4 17596 417
2.309379E7 3.348347245E7 16350 15893
2.310486E7 287.84554 226 4081
2.314857E7 39.3871396032 28 420
2.31486E7 180.8075 28 420
2.315545E7 3.5815999926 17596 66
2.336903E7 1.24 3691 3760
2.337738E7 385.0 997 993
2.337868E7 723.23 226 3754
2.33814E7 723.23 226 3754
2.339235E7 15.0 3691 3760
2.340422E7 11036.9960538 1021 2199
2.341059E7 3.145 17596 417
2.341716E7 14.8 29 17650
2.343425E7 15.0 3691 3760
2.343488E7 2.6654999985 3691 3760
2.343649E7 13.32 29 4167
2.345866E7 1.012522 226 926
2.345974E7 6000.0 184 3537
2.348708E7 71.961385 226 925
2.350333E7 7.2323 0 3598
2.350408E7 14.4646 0 3598
2.350463E7 1.084845 0 3598
2.3505E7 1.157168 0 3598
2.350557E7 1.012522 0 3598
2.350595E7 0.940199 0 3598
2.350621E7 0.867876 0 3598
2.35069E7 0.72323 0 3598
2.350701E7 0.650907 0 3598
2.350773E7 0.578584 0 3598
2.350786E7 0.506261 0 3598
2.350812E7 0.433938 0 3598
2.350816E7 0.407 17596 417
2.350858E7 0.289292 0 3598
2.350875E7 0.216969 0 3598
2.350884E7 16.6352 17596 66
2.350898E7 0.144646 0 3598
2.350912E7 0.0072323 0 3598
2.350968E7 0.72323 0 3598
2.350984E7 1.44646 0 3598
2.351002E7 0.0867876 0 3598
2.351038E7 0.0940199 0 3598
2.351249E7 0.216969 0 3598
2.354122E7 75.0 6395 3906
2.356822E7 7.2323 226 36
2.35721E7 0.072323 0 3598
2.357217E7 0.72323 0 3598
2.357361E7 3.3373999926 17596 417
2.358268E7 650.907 226 925
2.358289E7 3.5889999926 17596 417
2.358346E7 578584.0 9 1021
2.362442E7 124.0 418 3085
2.367018E7 85.34114 226 926
2.370862E7 217.0 418 3085
2.375183E7 21.6969 226 926
2.375576E7 38.412 28 1408
2.381968E7 300.0 6395 3906
2.382038E7 120.0 6395 3906
2.386644E7 723.23 226 925
2.38986E7 7.5 6395 3906
2.389872E7 292.5 6395 3906
2.401226E7 8.88 417 1410
2.401282E7 12.5239999876 418 4211
2.405984E7 30.579 431 1875
2.406037E7 76.8824999985 431 1875
2.408524E7 31.0 418 6438
2.409392E7 37.2 418 4211
2.412006E7 2.553 417 1410
2.413228E7 147.44 0 36
2.416764E7 1500.0 186 6395
2.41699E7 750.0 186 6395
2.417849E7 740.0 17596 66
2.417915E7 5.0172 17596 417
2.426563E7 124.0 418 4211
2.427071E7 9.8271999926 66 417
2.432254E7 72323.0 3691 3760
2.432273E7 54.24225 419 411
2.435737E7 7.4 66 417
2.4363E7 186.0 418 4211
2.438495E7 1500.0 186 6395
2.441907E7 72.323 3691 3760
2.444046E7 433938.0 9 1021
2.444497E7 14464.6 0 3598
2.444528E7 28929.2 0 3598
2.447899E7 18.5 417 29
2.449066E7 495.123258 226 925
2.454457E7 180.8075 411 4141
2.45455E7 180.8075 419 411
2.454784E7 180.8075 4141 411
2.457427E7 7232.3 0 5472
2.457829E7 723.23 806 5472
2.458381E7 361.615 0 22750
2.459851E7 355.4892419 0 3598
2.459861E7 355.4892419 0 3598
2.461936E7 723.23 806 5472
2.462404E7 1.24 418 4282
2.462593E7 6.3936 66 417
2.462679E7 12.4 418 4282
2.469389E7 1446.46 1702 4087
2.469428E7 1446.46 4087 1702
2.470252E7 8.3545999926 66 417
2.470321E7 14.8 17595 417
2.474386E7 1.1 2079 2599
2.479288E7 124.0 418 4282
2.479497E7 124.0 418 4282
2.479776E7 248.0 418 4282
2.479869E7 723.23 2092 10739
2.484915E7 289292.0 9 1021
2.485759E7 1100.0 185 260
2.487526E7 16.5759999926 66 417
2.491614E7 723.23 806 5472
2.492761E7 167.06613 0 747
2.493234E7 124.0 418 4282
2.494517E7 285.0 6395 3906
2.494738E7 388.0 425 1220
2.496098E7 10.7892 66 417
2.497819E7 3000.0 184 3527
2.499745E7 347.1504 226 3997
2.500873E7 3.099538 416 36
2.503376E7 12.4 418 4211
2.504216E7 7500.0 184 3537
2.507099E7 7500.0 184 3527
2.507435E7 18.08075 1105 15870
2.508731E7 723.23 3691 3760
2.515255E7 74.0 66 13317
2.518055E7 723.23 806 5472
2.518137E7 372.0 418 4282
2.520043E7 0.72323 15776 659
2.520045E7 0.72323 15776 659
2.520046E7 0.72323 15776 659
2.520048E7 0.72323 15776 659
2.52005E7 0.72323 15776 659
2.520051E7 0.72323 15776 659
2.520052E7 0.72323 15776 659
2.520054E7 0.72323 15776 659
2.520056E7 0.72323 15776 659
2.520072E7 0.72323 15776 659
2.520091E7 0.72323 15776 659
2.5201E7 0.72323 15776 659
2.520102E7 0.72323 15776 659
2.520105E7 0.72323 15776 659
2.520106E7 0.72323 15776 659
2.520263E7 255.0 6395 3906
2.520307E7 0.72323 15776 659
2.520308E7 0.72323 15776 659
2.520309E7 0.72323 15776 659
2.52031E7 0.72323 15776 659
2.520311E7 0.72323 15776 659
2.520312E7 0.72323 15776 659
2.520316E7 0.72323 15776 659
2.520317E7 0.72323 15776 659
2.520318E7 0.72323 15776 659
2.52032E7 0.72323 15776 659
2.520323E7 0.72323 15776 659
2.520325E7 0.72323 15776 659
2.520326E7 0.72323 15776 659
2.520327E7 0.72323 15776 659
2.522287E7 289292.0 9 1021
2.525394E7 750.0 6395 3906
2.525563E7 300.0 184 3506
2.52756E7 450.0 6395 3906
2.528695E7 20.5910777052 0 747
2.52912E7 5062.61 0 22751
2.530271E7 1.05 184 4468
2.531462E7 248.0 418 3085
2.534149E7 7.7255999926 66 417
2.534224E7 1.5149999985 186 15751
2.534339E7 186.676737689 0 747
2.534404E7 133.652904 0 747
2.538551E7 518.7 0 22751
2.539378E7 7.2323E-4 15776 659
2.54419E7 18.0 184 3093
2.544457E7 75000.0 431 1875
2.547999E7 11.6994 66 417
2.54807E7 14.2006 17596 417
2.549241E7 188.0398 419 411
2.549608E7 188.0398 419 411
2.549804E7 6000.0 184 3537
2.551101E7 43.3938 430 40483
2.551147E7 188.0398 419 411
2.551274E7 7.2323 226 36
2.551371E7 43.3938 430 40483
2.551851E7 750.0 186 6395
2.552456E7 188.0398 36 411
2.552531E7 188.0398 419 411
2.552545E7 44.550968 36 416
2.552958E7 216.969 419 411
2.552959E7 723.23 36 416
2.553085E7 72.323 226 36
2.553191E7 1.8 6395 24814
2.553234E7 1.65 6395 24814
2.553367E7 3.0 6395 24814
2.553544E7 216.969 419 411
2.555214E7 18.5 417 29
2.555522E7 36.1615 226 16401
2.557176E7 216.969 419 411
2.557424E7 523.29089681 226 1447
2.559543E7 11.0 52664 16410
2.559818E7 253.0 52665 16410
2.560115E7 7.2323 226 36
2.561063E7 2.721 4708 19179
2.561415E7 2.721 19179 4708
2.561474E7 63.16329205 36 411
2.562072E7 231.4336 36 416
2.562129E7 180.8075 416 36
2.562139E7 14.4646 416 36
2.562154E7 14.4646 416 36
2.562338E7 23.14336 416 36
2.562449E7 21.6969 226 36
2.562632E7 180.8075 0 36
2.562705E7 144.646 226 36
2.563885E7 11.0 52664 16410
2.564219E7 27.0 4708 19179
2.564684E7 1500.0 4156 6344
2.564757E7 13.235109 0 747
2.564762E7 13.235109 0 747
2.564776E7 26.470218 0 747
2.56505E7 7.2323 0 3598
2.567867E7 216.969 419 36
2.569814E7 216.969 0 36
2.572979E7 44.4 17595 13317
2.57299E7 8.88 17595 13317
2.573365E7 578584.0 9 1021
2.575472E7 1500.0 186 6395
2.57581E7 723.23 1094 52630
2.576182E7 23.86659 1094 1086
2.576209E7 23.86659 1094 1086
2.576216E7 23.86659 1094 1086
2.576221E7 23.86659 1094 1086
2.5763E7 23.3892582 1094 1086
2.576311E7 23.155365618 1094 1086
2.576356E7 1880.398 1094 52630
2.576356E7 581.219016182 1094 1086
2.577345E7 27.6915 19179 4708
2.578093E7 90.0 184 4375
2.578111E7 45.0 184 4425
2.579565E7 150.0 187 24187
2.580496E7 1500.0 186 6395
2.580689E7 11.78 418 15728
2.581397E7 18.80398 226 15728
2.581501E7 61.38 418 22686
2.581601E7 62.0 418 22686
2.583268E7 72.323 226 16410
2.583559E7 10.8631999926 17596 66
2.58365E7 682.0 16410 52666
2.58368E7 506261.0 9 1021
2.584038E7 352.0 52665 16410
2.584575E7 9000.0 184 3537
2.587221E7 0.0048601056 15776 659
2.587288E7 776.0 0 22735
2.587719E7 124.0 418 22686
2.588391E7 0.388 226 36
2.588996E7 36.1615 28 310
2.589516E7 304.115701895 0 747
2.589604E7 1350000.0 133 139
2.590053E7 339.211442693 0 747
2.590899E7 1558.7 0 22752
2.592088E7 7.4 17596 417
2.592357E7 7.4 66 417
2.592593E7 6.2 418 4450
2.59314E7 6.2 418 4453
2.595037E7 826.009052164 425 1220
2.595096E7 825.664 425 1220
2.595483E7 75.0 6395 3906
2.59627E7 723.23 1094 52630
2.597459E7 3000.0 186 6395
2.597528E7 723.23 1094 52630
2.597591E7 15.6 4708 19179
2.597747E7 2169.69 1094 52630
2.597765E7 723.23 1094 52630
2.597857E7 723.23 1094 52630
2.597975E7 2169.69 1094 52630
2.598417E7 12.4 418 4211
2.599295E7 36161.5 185 260
2.599451E7 11.78 418 4481
2.599454E7 525.0 184 2299
2.599474E7 120.0 184 4486
2.599478E7 1.5 184 19280
2.60119E7 3.811 17596 417
2.601382E7 136.4 418 4453
2.603061E7 150.0 6395 3906
2.603897E7 0.75 24823 19487
2.604774E7 3.8936507712 0 22751
2.605055E7 650.907 226 15728
2.606425E7 105.0769572 0 747
2.606554E7 77.6 0 747
2.606596E7 3000.0 186 6395
2.606601E7 71.59977 0 747
2.6072E7 260.720563342 0 747
2.607344E7 157.66414 0 747
2.607545E7 211.9208546 0 747
2.608456E7 7232.3 849 24200
2.609604E7 186.0 418 4282
2.610863E7 776.0 0 22735
2.610869E7 403.52 0 22736
2.611003E7 447.75 6395 3906
2.611038E7 3000.0 186 6395
2.612363E7 3000.0 186 6395
2.612692E7 15.0 4349 24917
2.612792E7 150.0 4349 24918
2.612956E7 10500.0 184 3838
2.612966E7 12000.0 184 3537
2.613042E7 3000.0 184 2625
2.613123E7 246.76 418 4453
2.613645E7 600.0 184 2299
2.613867E7 12.4 418 4481
2.614315E7 3616.15 24200 849
2.615593E7 0.62 418 4476
2.615653E7 12.4 418 4476
2.615678E7 1500.0 186 6395
2.615837E7 45.75 24925 4682
2.615997E7 124.0 418 4476
2.61622E7 19.0896 0 747
2.616431E7 124.0 418 4476
2.616882E7 1.164 0 747
2.616961E7 72.323 0 747
2.617498E7 54.656804176 0 747
2.617878E7 18.14676 0 747
2.618229E7 140.74 418 4453
2.618251E7 38.8 0 747
2.618347E7 77.988 0 747
2.62015E7 7.7 595 7841
2.620497E7 127.71796 0 747
2.620627E7 90.0 184 4468
2.621196E7 1.5 431 40407
2.622807E7 14.9085 19179 4708
2.623601E7 1500.0 6344 4156
2.624132E7 1.5 2625 40407
2.624337E7 2.96 417 29
2.62438E7 248.0 418 4453
2.624809E7 496.0 418 4453
2.625112E7 24.8 418 4481
2.625622E7 43.321477 226 36
2.62583E7 90.382103996 0 747
2.625833E7 77.6 0 747
2.625838E7 3.88 0 747
2.62618E7 248.0 418 4476
2.626187E7 221.732852861 0 747
2.626224E7 154.0 16410 52666
2.626567E7 259.354850523 0 747
2.62685E7 104.267137956 0 747
2.626862E7 0.003777956 0 747
2.627109E7 40.480980124 0 747
2.627119E7 40.480980124 0 747
2.627132E7 40.480980124 0 747
2.627144E7 40.480980124 0 747
2.627156E7 40.480980124 0 747
2.627159E7 716.436519803 28 4516
2.627168E7 379.860957174 0 747
2.627274E7 275.0 52665 16410
2.62747E7 86.7876 226 16410
2.627579E7 488.258915674 0 747
2.627708E7 7.2323 28 4516
2.627878E7 17.5824 66 17595
2.628201E7 520.0 0 3598
2.628334E7 3616.15 24200 849
2.628636E7 361.615 28 1447
2.629306E7 328.6 418 4453
2.631225E7 37.2 418 4481
2.631737E7 250.28078576 0 12542
2.633187E7 776.0 0 22735
2.633981E7 723.23 15776 659
2.633997E7 714.301233854 15776 659
2.63405E7 0.72323 15776 659
2.634056E7 0.1437491948 15776 659
2.634184E7 37.2 418 4481
2.635356E7 248.0 418 4476
2.635481E7 124.0 418 4476
2.637149E7 94.0199 226 16410
2.63802E7 94.381515 28 1410
2.638193E7 94.381515 1410 417
2.639902E7 44.64 418 4481
2.639978E7 1290.0 431 1875
2.640155E7 3616.15 849 24200
2.640468E7 248.0 418 4476
2.641523E7 13.8 24823 19487
2.641607E7 62.0 418 4282
2.641873E7 55.8 418 4481
2.643988E7 47.12 418 4481
2.645062E7 30.488 1410 417
2.648029E7 200.88 418 4476
2.648603E7 650907.0 9 1021
2.650929E7 62.0 418 4476
2.651014E7 6000.042 184 3527
2.651027E7 1170.0 184 3527
2.651034E7 3.600333258 184 3527
2.652175E7 0.72323 0 3598
2.65238E7 48.36 418 4481
2.653055E7 1240.0 4461 52242
2.653125E7 7232.3 4461 52242
2.65428E7 147.430255302 0 747
2.654301E7 18.5 417 29
2.654488E7 3000.0 186 6395
2.654609E7 325.4535 1918 1849
2.655482E7 750.0 184 3699
2.655517E7 150.0 184 18893
2.655524E7 867.0 184 3699
2.655762E7 3000.0 186 6395
2.656382E7 208.253245184 0 747
2.656837E7 7.2323E-6 226 15728
2.657544E7 359.73032 0 747
2.657768E7 36.1615 226 15728
2.657812E7 723.230180808 226 2927
2.657957E7 119.05598835 0 747
2.65814E7 310.0 418 4476
2.659077E7 150.0 184 1982
2.6598E7 62.0 418 4476
2.659856E7 930.0 418 4282
2.660057E7 43.755536 0 747
2.660479E7 68.2 418 4476
2.66072E7 10.84845 18348 1129
2.660942E7 18.5 417 29
2.661797E7 201.339493554 0 747
2.664247E7 82.5 4480 4427
2.665464E7 206.002392078 0 747
2.666067E7 52.08 418 4481
2.666356E7 148.8 418 4476
2.666668E7 520.0 0 22738
2.666694E7 3616.15 849 24200
2.667316E7 61.38 418 5526
2.667457E7 60.76 418 4481
2.667498E7 62.0 418 4476
2.668156E7 3.7 17596 417
2.668924E7 63.24 418 4481
2.668928E7 1556.1 0 22752
2.670088E7 248.0 418 4453
2.670385E7 80.6 418 4481
2.670815E7 7.2323 4461 52242
2.672836E7 0.033 431 40414
2.672846E7 234.555 431 1875
2.673159E7 7500.0 186 6395
2.675477E7 55.18 418 4481
2.67582E7 520.0 0 22737
2.679043E7 248.0 418 4453
2.679045E7 248.0 418 4453
2.683064E7 496.0 418 4453
2.684047E7 60.76 418 4481
2.684851E7 310.0 418 4476
2.689611E7 101.0207664 226 747
2.690445E7 110.1334644 226 747
2.691862E7 7500.0 186 6395
2.693809E7 59.52 418 4481
2.694241E7 258.5 52665 16410
2.694801E7 220.0 52666 16410
2.699015E7 3616.15 0 5472
2.699402E7 1084.845 226 16410
2.699602E7 723.23 806 5472
2.699749E7 12.4 418 51954
2.69976E7 12.4 418 51955
2.699872E7 390.0 0 22738
2.700657E7 40.3 418 4481
2.700966E7 12400.0 418 51954
2.700991E7 12400.0 418 51955
2.702072E7 3000.0 186 6395
2.70602E7 7500.0 186 6395
2.707242E7 15000.0 186 6395
2.70812E7 279.574952078 0 747
2.70813E7 470.0995 226 16410
2.708495E7 7232.3 24200 849
2.708569E7 723.23 226 1603
2.710875E7 4.0484999985 4480 4427
2.710911E7 723.23 28 4516
2.713998E7 518.7 0 22715
2.717771E7 4500.0 184 3527
2.720595E7 506261.0 9 1021
2.722122E7 18.5 417 29
2.728134E7 32.9744 66 13317
2.728147E7 7.7255999926 66 417
2.730103E7 31.894 17595 13317
2.730153E7 22.2 17595 66
2.730207E7 7.2 15848 3856
2.732188E7 1.44646 416 36
2.732191E7 2.16969 416 36
2.743421E7 7500.0 186 6395
2.749256E7 7500.0 184 2625
2.749969E7 7500.0 186 6395
2.750577E7 7500.0 186 6395
2.754378E7 30000.0 186 6395
2.75537E7 18.5 417 29
2.756893E7 262.979496766 226 2927
2.75881E7 60.0 4708 19179
2.758847E7 255090.0 4708 19179
2.758852E7 30000.0 186 6395
2.759047E7 255150.0 19179 4708
2.761326E7 30.0 6395 20611
2.761397E7 30000.0 186 6395
2.761734E7 75.0 6395 20611
2.761865E7 300.0 4657 4444
2.762601E7 300.0 6395 20611
2.763318E7 1100.0 185 260
2.763773E7 11.0 16410 52666
2.764153E7 30000.0 186 6395
2.764202E7 26.0 0 22758
2.765366E7 55.0 2026 77
2.765786E7 18.5 417 29
2.766896E7 18.08075 15870 1105
2.766971E7 18.5 417 29
2.769302E7 15000.0 186 6395
2.769348E7 15000.0 184 2625
2.770954E7 30000.0 186 6395
2.77196E7 518.7 0 22763
2.772107E7 18.5 417 29
2.772185E7 18.5 417 29
2.773387E7 4500.0 184 3527
2.774623E7 196.71856 226 4081
2.775268E7 18.5 417 29
2.77534E7 18.5 417 29
2.778415E7 12.945817 226 4998
2.778513E7 506261.0 9 1021
2.779035E7 18.5 417 29
2.780647E7 1298.7 0 22766
2.780705E7 1.7298721401 1021 2199
2.780748E7 144.646 226 4081
2.782644E7 32545.35 28 1243
2.782647E7 410.794632768 52665 16410
2.783936E7 96.030776 0 747
2.78416E7 15000.0 184 3527
2.784188E7 40.3479648 0 747
2.784386E7 22.5 4390 4402
2.788249E7 427.7 0 3089
2.788983E7 13652.1 4708 19179
2.789283E7 13652.1 19179 4708
2.789581E7 5.18 417 29
2.791154E7 18.5 417 29
2.793902E7 30000.0 184 3527
2.795333E7 1650.0 185 260
2.79568E7 7500.0 184 2625
2.796711E7 506261.0 9 1021
2.800513E7 2.3559999876 15823 1425
2.801821E7 2250.0 184 3189
2.802423E7 45000.0 186 6395
2.802736E7 15000.0 184 2625
2.802888E7 45000.0 184 3527
2.803957E7 355.82916 0 5472
2.804162E7 15.0 19722 25958
2.804247E7 7.5 25958 19722
2.804308E7 1.44646 28 4829
2.805411E7 30000.0 186 6395
2.805703E7 72.323 28 4829
2.805778E7 144.646 226 4081
2.805856E7 7.5 25958 19722
2.805886E7 56.55 19722 25958
2.806102E7 578.584 28 4829
2.806127E7 3.7 417 29
2.806178E7 3.7 417 29
2.808647E7 28.9292 4976 5834
2.810611E7 45.0 3161 20459
2.810897E7 30000.0 186 6395
2.811233E7 147.0 20288 26545
2.811286E7 15.0 431 20505
2.811547E7 7500.0 184 20214
2.811719E7 300.0 20231 20516
2.812025E7 750.0 187 11082
2.812031E7 1.5 52916 4745
2.812033E7 45000.0 184 3527
2.812191E7 300.0 20516 20231
2.812227E7 30.0 52916 4745
2.812335E7 30.0 52916 4745
2.812339E7 45.0 52916 5911
2.8126E7 72.323 28 4829
2.813515E7 45.0 52916 5911
2.813703E7 0.15 52264 6009
2.813798E7 30000.0 186 6395
2.813966E7 506261.0 9 1021
2.81423E7 0.072323 226 1184
2.814324E7 18.5 417 29
2.814326E7 30000.0 186 6395
2.814371E7 18.5 417 29
2.814375E7 1.5 52264 6009
2.814442E7 0.15 52264 6009
2.814459E7 0.15 52264 6009
2.814475E7 0.15 52264 6009
2.814475E7 1.05 6395 25655
2.814483E7 0.15 52264 6009
2.815027E7 144.75 5627 5272
2.815173E7 1.5 52264 6009
2.815615E7 1.5 52264 6009
2.815711E7 13.1563999876 993 586
2.815771E7 150000.0 53216 20571
2.815922E7 18.5 417 29
2.816008E7 23.68 66 13317
2.816034E7 7.4 417 29
2.816342E7 1452.70726074 226 2112
2.816368E7 59.85 19722 25958
2.816383E7 120.0 25958 19722
2.816433E7 3.6 25958 19722
2.816519E7 7.2 19722 25958
2.816634E7 150.0 19722 25958
2.816648E7 0.75 52264 6009
2.816682E7 1.5 52264 6009
2.818184E7 17.02 29 17665
2.818227E7 5.92 29 5273
2.81841E7 79.5 184 19671
2.818436E7 7.5 11082 25800
2.818532E7 723.23 0 6218
2.818626E7 69.4799999985 184 20579
2.819E7 122.9491 226 5283
2.819101E7 150.0 25958 19722
2.819197E7 150.0 53218 53216
2.819576E7 723.23 0 6218
2.819729E7 1.5 52264 24844
2.819844E7 1.5 52264 4783
2.81986E7 1.5 52264 25329
2.819897E7 1.5 52264 20361
2.819927E7 1.5 52264 25582
2.820643E7 1.5 52264 4783
2.82221E7 0.036 5390 19796
2.822851E7 300.0 3161 20459
2.822932E7 1.5 11082 25800
2.823143E7 4.5 21270 11082
2.823219E7 210.0 21270 11082
2.823228E7 100.5 25800 11082
2.823313E7 94.5 21270 11082
2.823364E7 15.0 3161 20682
2.8233863922212236E7 37.0 29 66
2.823829E7 102.9 25800 11082
2.823881E7 102.9 11082 25800
2.823963E7 49.5 16410 52666
2.824024E7 450.0 184 6525
2.824107E7 75.0 184 19592
2.825047E7 9.1981999926 66 417
2.826035E7 2892.92 226 5356
2.826725E7 0.0203878537 226 16435
2.826759E7 3.7 417 29
2.82681E7 11.1 417 29
2.826883E7 0.05 3267 5330
2.827072E7 1.5 52264 4783
2.827075E7 1.5 52264 4783
2.827078E7 1.5 52264 4783
2.827187E7 7.4 417 29
2.82726E7 9.62 29 5290
2.827317E7 18.5 417 29
2.827394E7 17.02 29 17668
2.827448E7 5.0 52235 4450
2.828676E7 1500.0 184 20719
2.828749E7 50.0 52235 4450
2.828753E7 930.0 52235 4450
2.828762E7 110.0 52235 4450
2.828766E7 124.0 52235 4450
2.828971E7 693.57757 3990 5350
2.82922E7 135.8 0 22766
2.829347E7 679.8362 0 22766
2.830402E7 433938.0 9 1021
2.830489E7 0.72323 28 17186
2.83098E7 14.4646 226 7271
2.831188E7 15.0 11082 25800
2.831595E7 30000.0 186 6395
2.831885E7 0.3 40825 21019
2.831897E7 3.6 15848 11938
2.83212E7 778.7 0 22776
2.832544E7 89.2876469994 15776 659
2.832544E7 0.72323 15776 659
2.832544E7 0.1437491948 15776 659
2.832549E7 7.2323E-4 15776 659
2.832549E7 0.0048601056 15776 659
2.832556E7 0.072323 15776 659
2.832558E7 0.072323 15776 659
2.832559E7 854.13463 15776 659
2.832566E7 150.0 3161 20459
2.832864E7 36.1615 226 13280
2.833059E7 648.7 0 22698
2.833202E7 7.2323 226 1555
2.833224E7 36.1615 226 1555
2.833235E7 28.9292 226 1555
2.833666E7 7.2323 226 5333
2.83416E7 155.0 52235 6757
2.83456E7 715.9977 226 629
2.835469E7 18.5 417 29
2.835594E7 18.5 417 29
2.835732E7 3750.0 184 3664
2.836263E7 18.5 417 29
2.836279E7 17.02 29 5474
2.836641E7 105.0 19796 5390
2.83693E7 108.9 11082 25800
2.837693E7 45000.0 184 3527
2.837804E7 354.3827 226 5333
2.837955E7 0.8100103677 226 3314
2.839086E7 2200.0 185 260
2.839181E7 105.0 5390 19796
2.839336E7 150.0 3161 5699
2.839385E7 300.0 3161 5699
2.839956E7 110.0 40464 53004
2.840013E7 723.23 40464 2671
2.840564E7 0.072323 226 4248
2.840636E7 17.02 29 17669
2.840823E7 150.0 16928 20803
2.840866E7 300.0 20803 16928
2.841833E7 4.268 53487 5420
2.841869E7 4.268 5420 53487
2.842136E7 361.615 2423 4655
2.842532E7 36.1615 226 5427
2.842672E7 1446.46 0 6218
2.843151E7 3.7 417 29
2.843253E7 48.6372175 226 5333
2.843375E7 2.531305 226 16437
2.843642E7 7232.3 52896 52897
2.843728E7 38.8 40464 2671
2.844766E7 1.275 40825 21019
2.84513E7 150.0 16928 20803
2.845143E7 1.5 18944 20829
2.84517E7 1.5 20829 18944
2.845402E7 0.72323 226 5437
2.846345E7 5.0 271 270
2.846347E7 4.0065 11082 25800
2.846376E7 30.0 271 270
2.846426E7 30.0 271 270
2.846463E7 30.0 271 270
2.846484E7 5.0 271 270
2.847118E7 0.1591106 226 5427
2.847198E7 33.05 271 270
2.847225E7 3000.0 184 3664
2.847273E7 30.0 184 5615
2.847288E7 390.0 184 5295
2.847356E7 0.4050015677 226 5427
2.847564E7 9.0 40825 21019
2.847737E7 6216.45 2572 2865
2.847778E7 1201.86 2572 2865
2.847818E7 0.01726 15848 3856
2.848217E7 0.0675 25728 20869
2.848632E7 15.0 19865 53034
2.848644E7 361.615 226 5437
2.848748E7 65.0907 226 595
2.84902E7 72.323 226 5461
2.849045E7 18.5 417 29
2.849103E7 0.06 2572 2865
2.84932E7 18.5 417 29
2.84939E7 1298.7 0 22763
2.849485E7 36.1615 226 5427
2.849532E7 72.323 28 556
2.849585E7 150.0 5416 20891
2.849607E7 15.0 20190 20887
2.849623E7 1881654.9 5416 20891
2.849716E7 36.1615 226 5427
2.849971E7 0.15 20176 52985
2.850589E7 12000.0 184 3537
2.8511E7 330.0 52666 16410
2.851723E7 14.8 417 29
2.852174E7 0.0037246345 226 5686
2.852558E7 1.615551174 226 16439
2.852956E7 60.0 6395 20611
2.853915E7 18.5 417 29
2.853915E7 26.3256804845 226 16440
2.853966E7 14.8 417 29
2.854021E7 18.5 417 29
2.854142E7 13.32 29 16451
2.854636E7 15.15 40825 21019
2.855616E7 216.969 226 16441
2.855791E7 1438.721439 0 6218
2.855868E7 3.905442 226 5274
2.857283E7 48.9337418 226 1447
2.857468E7 52.0 0 22779
2.857555E7 18.5 417 29
2.857826E7 7.7255999926 66 417
2.857831E7 3.7665999926 66 417
2.857832E7 493.532152 226 1447
2.857836E7 11.6994 66 417
2.857938E7 5.78584 5513 53462
2.857957E7 0.72323 5513 53462
2.857966E7 1.44646 53462 5513
2.857998E7 0.72323 5513 53462
2.858094E7 0.72323 53462 5513
2.858116E7 4.33938 53462 5513
2.858121E7 1446.46 43 258
2.8584E7 1.9093272 226 5480
2.858438E7 1500.0 184 359
2.859316E7 5.4834 17596 417
2.861555E7 7.5 19478 26079
2.861926E7 7.2323 3068 41564
2.862533E7 144.646 4087 1702
2.862887E7 260.3628 0 22781
2.863521E7 75.0 6395 25655
2.86429E7 300.0 3161 5699
2.86469E7 0.388 53462 5513
2.86471E7 0.388 5513 53462
2.864736E7 0.72323 53462 5513
2.864808E7 723.23 0 22690
2.864814E7 0.0361615 226 1298
2.865098E7 723.23 226 595
2.865102E7 5.06261 5513 53462
2.865235E7 36.1615 226 1298
2.868263E7 8.88 417 29
2.868363E7 17.02 29 17215
2.868378E7 7.4 29 17674
2.868515E7 1.1 1021 5598
2.868542E7 0.096 1021 5598
2.868732E7 0.0776 226 5598
2.868759E7 6.98788E-4 226 5598
2.868812E7 0.0776 226 5598
2.869614E7 144.646 1702 4087
2.870716E7 1498.5 19722 25958
2.87078E7 1483.5 25958 19722
2.870982E7 4.773318 2518 1686
2.871165E7 8.88 417 29
2.871177E7 7.4 29 17674
2.871297E7 0.0482322087 28 2518
2.871533E7 7.4 417 29
2.871599E7 5.92 29 17675
2.872311E7 15000.0 186 6395
2.872734E7 6.0 6395 20635
2.873775E7 719.903142 28 66
2.87394E7 0.0048818025 226 5697
2.873953E7 9.1946037975 226 5697
2.873988E7 36.88473 0 16718
2.875118E7 719.903142 66 13317
2.875825E7 43.3938 226 629
2.878072E7 18.5 417 29
2.878273E7 185.076 0 22732
2.878288E7 785.2 0 22733
2.879485E7 135.0 5576 53552
2.879796E7 15000.0 186 6395
2.879839E7 596.55 19722 25958
2.880062E7 15.0 25728 20869
2.880351E7 30.0 25728 20869
2.880555E7 3.85 595 22674
2.880769E7 30.0 25728 20869
2.880995E7 1.5 53152 40990
2.88101E7 15.0 53152 40990
2.881576E7 12.0 5576 53552
2.881989E7 150000.0 53152 40990
2.882005E7 1.5E7 53152 40990
2.882025E7 150.0 6395 20635
2.882049E7 990.8251 226 6045
2.882389E7 0.361615 28 17214
2.882461E7 1.05 20382 24285
2.882554E7 1428.7 0 22698
2.88356E7 2.16969 28 17214
2.883967E7 18.5 417 29
2.884243E7 1.5 53206 6410
2.884421E7 7.2323 28 17214
2.885159E7 99.0 3973 52193
2.885289E7 7.7 595 22677
2.885453E7 17.02 29 17677
2.886311E7 14.8 417 29
2.886528E7 3616.15 1021 2199
2.88721E7 3.61615E-5 226 926
2.887494E7 1.386 5576 53552
2.887665E7 0.03104 226 5598
2.8918E7 150.0 6395 5294
2.892602E7 35.1 52023 745
2.893212E7 0.00940199 5513 53462
2.893228E7 14.8 417 29
2.895395E7 18.5 417 29
2.896986E7 14.402908481 226 6045
2.897573E7 3.7035 53552 5576
2.897585E7 1500.0 5576 53552
2.897606E7 13349.85 5576 53552
2.897621E7 5.4 5576 53552
2.897902E7 3850.0 185 260
2.8985001E7 22500.0 184 3527
2.900611E7 433938.0 9 1021
2.900722E7 11.5236 226 595
2.900926E7 0.388 53462 5513
2.900939E7 0.388 5513 53462
2.905832E7 6.904E-8 5309 24011
2.907064E7 0.009 5347 25894
2.907108E7 15.0 5347 25943
2.907145E7 30.0 5347 25943
2.907263E7 15.0 5347 25894
2.908469E7 29984.85 53552 5576
2.908509E7 29984.85 5576 53552
2.909702E7 18.5 417 29
2.912291E7 7.7255999926 66 417
2.914051E7 1084.845 0 6218
2.916837E7 3.7636 595 7841
2.918558E7 18.5 417 29
2.918607E7 5.18 417 29
2.922773E7 600.0 25958 19722
2.931292E7 18.5 417 29
2.932712E7 0.108 431 40414
2.932751E7 227.3925 431 1875
2.933058E7 0.0015 431 20505
2.933066E7 0.0015 431 20505
2.933082E7 0.006 431 20475
2.93311E7 0.3764999985 4657 4444
2.933148E7 0.15 4657 4444
2.938226E7 21.08 993 586
2.93919E7 19.5063999926 1410 417
2.939251E7 12000.0 184 3537
2.939974E7 300.0 52916 4745
2.940026E7 450.0 52916 5911
2.942886E7 150.0 6395 20635
2.94434E7 3.7 417 29
2.944616E7 3.7 417 29
2.944758E7 128.7 0 22779
2.94614E7 8.9527999876 993 586
2.950767E7 13.2 25958 19722
2.952402E7 150.15 25958 19722
2.952453E7 150.0 19722 25958
2.952637E7 150.15 25958 19722
2.952753E7 149.85 19722 25958
2.952827E7 3.0 25958 19722
2.952838E7 4.9199999985 19722 25958
2.952855E7 84.0 25958 19722
2.956015E7 18.5 417 29
2.958485E7 127.851 21270 25800
2.958705E7 75.0 21270 25800
2.961938E7 18.5 417 29
2.962011E7 144.646 226 6045
2.962071E7 115.7168 226 1447
2.962523E7 361.615 226 1447
2.963048E7 723.23 226 4081
2.963347E7 0.0072323 226 926
2.963402E7 0.0144646 226 926
2.963884E7 1446.46 0 22690
2.966676E7 332.6858 226 6045
2.968266E7 72.323 52664 16410
2.969151E7 15.0 40350 2538
2.969193E7 15.0 40350 2538
2.969375E7 433938.0 9 1021
2.972219E7 10.027 66 417
2.974606E7 1446.46 0 6218
2.975782E7 18.5 417 29
2.97583E7 18.5 417 29
2.976648E7 1.7068228 226 747
2.97756E7 105.2733588 226 747
2.981862E7 516.598704974 0 747
2.987224E7 1.44646 264 4422
2.996069E7 0.144646 264 4422
2.996073E7 0.00144646 264 4422
2.998317E7 23.28 226 36
2.998962E7 128.7 0 22779
3.000475E7 18.5 417 29
3.00106E7 72.323 226 5940
3.003245E7 15.0 6395 20635
3.004803E7 18.5 417 29
3.006144E7 11.6697999926 66 417
3.006151E7 7.7255999926 66 417
3.006238E7 18.5 417 29
3.006259E7 723.23 226 6045
3.006299E7 11.1 417 29
3.007692E7 0.144646 264 4422
3.007693E7 0.072323 264 4422
3.010334E7 0.072323 264 4422
3.010334E7 0.144646 264 4422
3.010417E7 0.072323 264 4422
3.010993E7 0.072323 264 4422
3.01171E7 2157.973674 0 5472
3.01292E7 88.23406 226 5737
3.013504E7 19.4 0 36
3.018822E7 15000.0 186 6395
3.020373E7 0.0011933295 226 747
3.020533E7 2.748274 226 747
3.020697E7 765.900562768 226 6045
3.026699E7 15000.0 186 6395
3.031038E7 216.969 226 6045
3.032562E7 0.00654798 264 36
3.033078E7 433938.0 9 1021
3.033536E7 110.0 5669 6479
3.033577E7 110.0 6479 5669
3.033686E7 110.0 6479 5669
3.033727E7 110.0 5669 6479
3.040133E7 51.8 13317 66
3.041911E7 18.5 417 29
3.044226E7 92.5 417 29
3.044404E7 18.5 417 29
3.048633E7 32.56 66 17595
3.049108E7 214.6 17595 66
3.049119E7 14.8 66 13317
3.049127E7 7.4 66 17595
3.049621E7 722.145155 68 66
3.049651E7 79.5553 68 3
3.055116E7 280.468594 226 6045
3.055599E7 6.7058247215 0 7856
3.056414E7 3616.15 3 43
3.057412E7 72.323 1170 68
3.057544E7 0.0654798 264 4422
3.059205E7 289.292 226 747
3.062913E7 0.015 20288 26545
3.065426E7 18.5 417 29
3.069528E7 1.5E-4 20288 26545
3.069761E7 1.5E-4 20288 26545
3.073211E7 1.5E-4 20288 26545
3.073285E7 1.5E-4 20288 26545
3.0733E7 1.5E-4 20288 26545
3.073952E7 18.5 417 29
3.074117E7 7.4 417 29
3.08187E7 433.938 226 4081
3.082948E7 361.615 0 5472
3.083528E7 44.0 16410 52666
3.084962E7 0.002973119904 18349 16344
3.087131E7 0.1309596 264 4422
3.087164E7 0.0654798 264 4422
3.090093E7 433938.0 9 1021
3.091222E7 5.7942 66 417
3.091461E7 3.7 417 29
3.093727E7 18.7984 993 586
3.093732E7 7.378 993 586
3.099474E7 128.7 0 22779
3.100132E7 14.8 417 29
3.100214E7 11.1 417 29
3.105081E7 3.7636 7841 595
3.108507E7 7.4 417 29
3.110402E7 18.5 417 29
3.116639E7 14.8 417 29
3.118689E7 723.23 0 3598
3.119607E7 14.8 417 29
3.120488E7 0.0388 0 3598
3.121041E7 0.0388 0 3598
3.1211E7 0.72323 0 3598
3.122687E7 6.9064 226 36
3.125912E7 3.6 15848 3856
3.126079E7 14.8 417 29
3.126106E7 15000.0 186 6395
3.132729E7 433938.0 9 1021
3.134713E7 18.5 417 29
3.135804E7 7.2323E-4 327 957
3.137237E7 18.5 417 29
3.137312E7 14.8 417 29
3.138145E7 84.864242138 226 6045
3.139705E7 0.0 54005 53436
3.139741E7 0.0 54005 53436
3.140289E7 1446.46 0 3598
3.141848E7 15000.0 186 6395
3.142192E7 0.0072323 327 957
3.142967E7 8.1473999926 66 417
3.143424E7 1444.66752507 0 3598
3.14816E7 0.0 327 2317
3.148162E7 0.0 327 2317
3.151774E7 11.1 417 29
3.151976E7 3312.3934 0 7856
3.153112E7 5.9023999876 993 586
3.159607E7 3616.15 0 3598
3.159983E7 0.0015 20288 26545
3.165129E7 14.8 417 29
3.168362E7 2.22 417 29
3.170348E7 3.7 417 29
3.170784E7 18.5 417 29
3.17148E7 14.8 417 29
3.173674E7 18.5 417 29
3.175843E7 159.1106 226 6045
3.176856E7 14.8 417 29
3.176941E7 14.8 417 29
3.18279E7 3.26744202 264 36
3.184888E7 36.0 15848 3856
3.195164E7 128.7 0 22779
3.195721E7 18.5 417 29
3.195758E7 18.5 417 29
3.195799E7 7.4 417 29
3.196125E7 1.24E-8 74 418
3.197892E7 18.5 417 29
3.199005E7 0.0225 431 40414
3.199085E7 5.451 431 1875
3.199108E7 0.099 431 20505
3.199154E7 0.459 431 20475
3.200049E7 0.72323 28 13317
3.200186E7 87.51083 28 13317
3.200438E7 0.05 271 270
3.203549E7 18.5 417 29
3.203694E7 14.8 417 29
3.203757E7 18.5 417 29
3.203777E7 13.32 417 29
3.203826E7 14.8 417 29
3.20401E7 18.5 417 29
3.207246E7 3.7 417 29
3.207288E7 7.4 417 29
3.207322E7 7.4 417 29
3.207382E7 18.5 417 29
3.207426E7 18.5 417 29
3.207571E7 18.5 417 29
3.207624E7 18.5 417 29
3.207776E7 18.5 417 29
3.211384E7 14.8 417 29
3.211461E7 14.8 417 29
3.211509E7 18.5 417 29
3.211571E7 0.0 327 583
3.211572E7 0.0 327 583
3.212365E7 7.4 417 29
3.214747E7 18.5 417 29
3.214806E7 7.4 417 29
3.214898E7 18.5 417 29
3.214931E7 8.88 417 29
3.214959E7 11.1 417 29
3.215005E7 18.5 417 29
3.215035E7 18.5 417 29
3.215182E7 18.5 417 29
3.216708E7 15.0 5535 17202
3.218666E7 180.8075 226 6045
3.21903E7 287.492242145 226 6045
3.219378E7 140.063253105 226 6045
3.219622E7 117.298431687 226 6045
3.22322E7 9.9973999926 66 417
3.223531E7 18.5 417 29
3.223565E7 72.323 1170 68
3.22358E7 3.7 417 29
3.223618E7 17.76 417 29
3.223655E7 11.1 417 29
3.223825E7 18.5 417 29
3.223942E7 11.1 417 29
3.224357E7 18.5 417 29
3.225209E7 14.8 417 29
3.225493E7 209.0 52665 16410
3.228255E7 216.969 226 7271
3.233243E7 18.5 417 29
3.233298E7 18.5 417 29
3.234314E7 18.5 417 29
3.236913E7 18.5 417 29
3.236962E7 5.18 417 29
3.237053E7 14.8 417 29
3.241382E7 18.5 417 29
3.241526E7 18.5 417 29
3.241586E7 7.4 417 29
3.241646E7 18.5 417 29
3.242204E7 180.8075 0 36
3.250671E7 14.8 417 29
3.250728E7 14.8 417 29
3.250796E7 3.7 417 29
3.250871E7 18.5 417 29
3.251007E7 18.5 417 29
3.252904E7 75.0 6395 20635
3.256597E7 7.2323E-4 327 957
3.258314E7 12.8712316694 36 66
3.258911E7 18.5 417 29
3.258972E7 18.5 417 29
3.259059E7 18.5 417 29
3.259084E7 3.7 417 29
3.259198E7 3.7 417 29
3.259302E7 18.5 417 29
3.259337E7 18.5 417 29
3.259477E7 7.4 417 29
3.260432E7 9.3979999926 66 417
3.263803E7 25.049 17595 13317
3.263805E7 29.6 17595 66
3.26567E7 7.76 226 36
3.26571E7 1.135 264 36
3.266391E7 170.925199993 417 66
3.268082E7 18.5 417 29
3.268122E7 18.5 417 29
3.268162E7 18.5 417 29
3.268221E7 18.5 417 29
3.268251E7 18.5 417 29
3.268299E7 3.7 417 29
3.268349E7 3.7 417 29
3.268387E7 3.7 417 29
3.268435E7 14.8 417 29
3.2685E7 14.8 417 29
3.26858E7 18.5 417 29
3.269636E7 7.75612 264 36
3.27586E7 1.362 264 36
3.277391E7 14.8 417 29
3.277463E7 3.7 417 29
3.277504E7 3.7 417 29
3.277553E7 18.5 417 29
3.277598E7 18.5 417 29
3.277644E7 5.92 417 29
3.277684E7 3.7 417 29
3.277773E7 18.5 417 29
3.281859E7 8.2287999926 36 66
3.282315E7 24.753 36 66
3.283196E7 3.405 264 36
3.284319E7 1374.13699277 28 66
3.284865E7 18.5 417 29
3.284913E7 14.8 417 29
3.284956E7 18.5 417 29
3.285001E7 7.4 417 29
3.286205E7 0.072323 327 957
3.287556E7 7.2323E-4 327 957
3.287572E7 0.0072323 327 957
3.287585E7 0.0072323 327 957
3.287587E7 0.0072323 327 957
3.287834E7 0.0072323 327 957
3.287837E7 0.0072323 327 957
3.287838E7 0.0072323 327 957
3.287839E7 0.0072323 327 957
3.28784E7 0.0072323 327 957
3.28797E7 7.2323E-4 327 957
3.287971E7 7.2323E-4 327 957
3.287972E7 7.2323E-4 327 957
3.287973E7 7.2323E-4 327 957
3.287975E7 7.2323E-4 327 957
3.287977E7 7.2323E-4 327 957
3.288002E7 7.2323E-4 327 957
3.288012E7 7.2323E-4 327 957
3.288094E7 7.2323E-4 327 957
3.288095E7 7.2323E-4 327 957
3.288096E7 7.2323E-4 327 957
3.288139E7 0.0072323 327 957
3.288142E7 0.0072323 327 957
3.288145E7 0.0072323 327 957
3.289992E7 2.27 264 36
3.290123E7 4.54 264 36
3.290815E7 0.0 327 2317
3.290816E7 0.0 327 2317
3.290862E7 0.0 327 2317
3.290863E7 0.0 327 2317
3.292832E7 18.5 417 29
3.292941E7 18.5 417 29
3.292945E7 226.587959 52665 16410
3.292979E7 18.5 417 29
3.29301E7 7.4 417 29
3.293047E7 18.5 417 29
3.293115E7 18.5 417 29
3.29559E7 0.0072323 327 957
3.296101E7 7.2323E-5 327 957
3.29621E7 7.2323E-5 327 957
3.296317E7 7.2323E-5 327 957
3.296318E7 7.2323E-5 327 957
3.296507E7 0.072323 327 957
3.296523E7 0.072323 327 957
3.296739E7 0.072323 327 957
3.296995E7 0.072323 327 957
3.297457E7 7.2323E-4 327 957
3.297457E7 0.072323 327 957
3.299791E7 7.2323E-5 327 957
3.300346E7 2169.69 0 7856
3.301854E7 1952.721 226 4081
3.305641E7 18.5 417 29
3.305686E7 18.5 417 29
3.305714E7 14.8 417 29
3.305762E7 18.5 417 29
3.30581E7 4.07 417 29
3.305852E7 18.5 417 29
3.305893E7 18.5 417 29
3.305933E7 18.5 417 29
3.305966E7 18.5 417 29
3.306E7 18.5 417 29
3.306061E7 18.5 417 29
3.307249E7 7.5184 66 417
3.307685E7 433938.0 9 1021
3.309981E7 32.0568 13317 66
3.310198E7 37.8583999926 66 13317
3.311923E7 0.072323 327 957
3.313202E7 0.15 431 40414
3.317108E7 0.144646 2518 1686
3.318711E7 144.646 0 36
3.319063E7 7.4 417 29
3.319088E7 7.4 417 29
3.319113E7 18.5 417 29
3.31916E7 18.5 417 29
3.319185E7 3.7 417 29
3.319225E7 4.44 417 29
3.319251E7 18.5 417 29
3.319317E7 82.14 417 29
3.32138E7 0.0072323 327 957
3.323013E7 10790.5916 3 43
3.325398E7 2.497 264 36
3.325929E7 7.7255999926 66 417
3.329026E7 18.5 417 29
3.329062E7 18.5 417 29
3.32909E7 18.5 417 29
3.329129E7 14.8 417 29
3.329162E7 18.5 417 29
3.329197E7 14.8 417 29
3.329223E7 5.18 417 29
3.329301E7 18.5 417 29
3.329327E7 7.4 417 29
3.329374E7 3.7 417 29
3.329437E7 18.5 417 29
3.329523E7 17.5084 417 66
3.334545E7 740.0 417 29
3.337123E7 18.5 417 29
3.337167E7 14.8 417 29
3.337224E7 5.18 417 29
3.337282E7 18.5 417 29
3.339844E7 224.2013 0 5472
3.343558E7 117.963399993 17595 13317
3.343594E7 32.0568 17595 66
3.346255E7 33.0 16410 52666
3.347335E7 7500.0 186 6395
3.348561E7 11916.75 184 3537
3.349993E7 14.8 417 29
3.350139E7 19.98 417 29
3.350232E7 92.5 417 29
3.350303E7 3.7 417 29
3.350334E7 18.5 417 29
3.350368E7 18.5 417 29
3.350394E7 18.5 417 29
3.350417E7 14.8 417 29
3.35046E7 18.5 417 29
3.350552E7 5.18 417 29
3.35234E7 14.8 417 29
3.352449E7 11.1 417 29
3.353961E7 18.5 417 29
3.353984E7 14.8 417 29
3.354018E7 3.7 417 29
3.354055E7 18.5 417 29
3.354833E7 22500.0 184 3527
3.357108E7 7500.0 186 6395
3.360259E7 198.733599961 226 629
3.3634E7 18.5 417 29
3.36347E7 18.5 417 29
3.363505E7 3.7 417 29
3.363529E7 18.5 417 29
3.36926E7 5.675 264 36
3.372144E7 3.7 417 29
3.372172E7 14.8 417 29
3.372208E7 18.5 417 29
3.372354E7 7.4 66 13317
3.379355E7 19.98 417 29
3.379424E7 14.8 417 29
3.379488E7 18.5 417 29
3.379565E7 7.4 417 29
3.381246E7 9.3979999926 66 417
3.382522E7 1.05E-8 21546 184
3.382526E7 0.0 21546 186
3.382529E7 0.0 21546 184
3.385052E7 0.0 5950 9
3.388974E7 3.7 66 13317
3.389378E7 222.0 66 17595
3.390212E7 6.0E-9 3148 2743
3.39043E7 14.8 417 29
3.390456E7 18.5 417 29
3.390485E7 3.7 417 29
3.390529E7 18.5 417 29
3.390557E7 14.8 417 29
3.390594E7 18.5 417 29
3.390596E7 79.5553 226 747
3.39065E7 3.7 417 29
3.3949271E7 11.6994 66 417
3.397185E7 18.5 417 29
3.397219E7 18.5 417 29
3.397283E7 5.18 417 29
3.397381E7 11.1 417 29
3.397531E7 50.0905999926 17596 29
3.39963E7 0.0 16521 226
3.401784E7 0.0 226 16521
3.403257E7 2.1E-8 19303 21403
3.405177E7 7.2323E-6 327 957
3.405711E7 667.48 417 29
3.405921E7 18.5 417 29
3.405973E7 18.5 417 29
3.405995E7 3.7 417 29
3.406205E7 18.5 417 29
3.40624E7 18.5 417 29
3.406313E7 14.8 417 29
3.406351E7 7.2323E-6 327 957
3.4064E7 18.5 417 29
3.411846E7 5.5 16410 52666
3.411959E7 73.407845 0 7856
3.411992E7 2391.86624877 0 7856
3.412432E7 388.0 0 7856
3.414837E7 18.5 417 29
3.414876E7 7.4 417 29
3.414914E7 14.8 417 29
3.414956E7 11.1 417 29
3.415008E7 3.7 417 29
3.415044E7 18.5 417 29
3.418097E7 126.794839364 226 6045
3.42237E7 361.615 51933 3274
3.422654E7 0.0 7447 9
3.42305E7 0.0 7418 9
3.426047E7 470.0995 226 747
3.426294E7 433.21477 51933 3274
3.426482E7 260.3628 51933 3274
3.426569E7 155.1612 226 629
3.427794E7 1670.6613 3353 613
3.428415E7 339.196750398 0 747
3.428843E7 7.2323E-5 327 957
3.429373E7 70.87654 52664 16410
3.430207E7 90.40375 52664 16410
3.430272E7 216.969 226 16410
3.431861E7 0.0 2967 15850
3.432542E7 144.646 226 747
3.432905E7 18.5 417 29
3.432976E7 18.5 417 29
3.43303E7 18.5 417 29
3.433073E7 18.5 417 29
3.433106E7 18.5 417 29
3.433151E7 18.5 417 29
3.433217E7 3.7 417 29
3.433254E7 18.5 417 29
3.433297E7 18.5 417 29
3.433332E7 18.5 417 29
3.433385E7 18.5 417 29
3.433405E7 18.5 417 29
3.43344E7 18.5 417 29
3.433827E7 156.21768 226 747
3.434948E7 339.196750398 0 747
3.435189E7 253.1305 226 6045
3.435593E7 0.0 2664 2518
3.435816E7 248.357182 51933 3274
3.436334E7 144.646 226 747
3.436368E7 0.0 2664 2518
3.436439E7 48.45641 0 15864
3.4370701E7 723.23 0 15864
3.437469E7 722.50677 0 7856
3.438634E7 722.50677 0 7856
3.440201E7 111.0 29 66
3.440439E7 0.194388 0 7856
3.440703E7 18.5 417 29
3.440734E7 18.5 417 29
3.440796E7 11.1 417 29
3.440852E7 7.4 417 29
3.440886E7 18.5 417 29
3.440947E7 18.5 417 29
3.441019E7 7.4 417 29
3.441064E7 7.4 417 29
3.441106E7 18.5 417 29
3.441152E7 18.5 417 29
3.441197E7 18.5 417 29
3.441585E7 434.01060506 0 747
3.44167E7 7.7255999926 66 417
3.443173E7 723.23 226 4081
3.443257E7 117.88649 226 747
3.443297E7 144.646 226 747
3.444296E7 361.615 0 7856
3.444731E7 216.969 226 747
3.446534E7 1.1E-8 15936 185
3.446573E7 0.0 15936 185
3.447461E7 723.157677 0 15864
3.450686E7 18.5 417 29
3.450708E7 216.969 226 747
3.450758E7 18.5 417 29
3.450799E7 18.5 417 29
3.450834E7 5.18 417 29
3.450886E7 8.88 417 29
3.450943E7 7.4 417 29
3.452204E7 231.4336 226 747
3.452906E7 42.6412 226 629
3.454554E7 1216.9342952 0 7856
3.455635E7 5.5 16410 52666
3.456027E7 634.1859224 0 7856
3.458915E7 0.072323 327 957
3.459041E7 0.0 2369 184
3.459774E7 18.5 417 29
3.460463E7 216.969 226 747
3.462081E7 1446.46 0 7856
3.462654E7 650907.0 9 1021
3.462776E7 9.9E-8 773 185
3.462785E7 0.0 773 185
3.46286E7 429.59862 0 747
3.462916E7 6.50907 0 7856
3.463083E7 216.969 226 747
3.465279E7 12.3284 66 417
3.466697E7 682.28 417 29
3.466705E7 7.4 417 29
3.466742E7 18.5 417 29
3.466896E7 7.4 417 29
3.466942E7 18.5 417 29
3.466998E7 42.18 417 29
3.467067E7 7.4 417 29
3.467133E7 7.4 417 29
3.472107E7 0.8519999985 431 40414
3.472108E7 4.8405 431 1875
3.472174E7 0.8519999985 431 40414
3.472174E7 4.8405 431 1875
3.472177E7 0.5264999985 431 20475
3.472214E7 0.8519999985 431 40414
3.474412E7 947.4313 0 7856
3.474712E7 11.1 417 29
3.474763E7 14.8 417 29
3.474816E7 18.5 417 29
3.474864E7 7.4 417 29
3.474924E7 7.4 417 29
3.474982E7 7.4 417 29
3.476875E7 1.65663894E-8 2890 264
3.47688E7 0.0 2890 264
3.480603E7 256.74665 1814 1898
3.481393E7 180.8075 0 747
